""	"C-045"	"C-053"	"C-075"	"C-081"	"C-085"	"C-086"	"C-092"	"C-094"	"C-095"	"C-096"	"C-097"	"C-098"	"C-111"	"C-113"	"C-115"	"C-123"	"C-128"	"C-129"	"C-151"	"C-167"	"C-175"	"C-194"	"C-197"	"C-214"	"C-218"	"C-003"	"C-004"	"C-005"	"C-006"	"C-007"	"C-018"	"C-024"	"C-026"	"C-031"	"C-058"	"C-059"	"C-062"	"C-071"	"C-074"	"C-104"	"C-116"	"C-117"	"C-120"	"C-132"	"C-133"	"C-134"	"C-164"	"C-187"	"C-189"	"C-200"
"[0.50 .. 0.52]"	0.60936	0.055004	0.51936	0	0	0.014783	0.34168	0.12287	0.20509	0.19817	0	0.0090348	0	0	0	0.0041492	0.02742	0.027136	0.057555	0.0046523	0.10306	0	0.38246	0.0097387	0.019711	0.080052	0.012023	0	0	0.0064422	0.0021672	0.15009	0	0	0.28763	0.11461	0.011889	0.62776	0	0.010433	0.16907	0	0.1326	0.011282	0.0077952	0	0	0	0.0034477	0
"[0.52 .. 0.56]"	1.0671	0.11127	0.81095	0.0083532	0.0016961	0	0.56782	0.17563	0.47542	0.32306	0.0029106	0	0	0.00010948	0.024073	0.010599	0.062634	0	0.1086	0.0080073	0.18685	0	0.68587	0	0.07977	0.22207	0	0	0	0.02119	0.015278	0.26176	0.023677	0.015234	0.50103	0.2361	0	1.0598	0	0	0.37343	0.011365	0.19982	0	0	0.046177	0	0.0027964	0	0.003507
"[0.56 .. 0.58]"	0.77945	0.10555	0.62601	0	0.017466	0.0066115	0.4214	0.17047	0.32893	0.27052	0	0.0089755	0.026515	0.0093946	0.002115	0.023921	0.06132	0.0015311	0.073094	0.053077	0.18633	0.0018812	0.46052	0	0.10577	0.22621	0	0	0.0042618	0.014599	0	0.17183	0	0.0023925	0.42586	0.27616	0	0.75504	0	0.011505	0.26643	0	0.224	0.0093667	0.0072488	0.10206	0.0091241	0	0.009086	0.007554
"[0.58 .. 0.61]"	0.80009	0.08981	0.75669	0.014421	0	0	0.44239	0.14378	0.37341	0.24158	0	0.0018086	0	0	0.041414	0	0.060436	0.00045799	0.10236	0.10925	0.18766	0	0.53606	0	0.15836	0.15496	0	0	0	0	0	0.21415	0.00067104	0	0.42771	0.32671	0.012311	0.73128	0	0	0.30277	0.015021	0.17598	0	0	0.10342	0.014403	0.02226	0	0
"[0.61 .. 0.64]"	1.2371	0.21125	1.0631	0	0.011232	0.0031227	0.70709	0.26578	0.68579	0.34602	0.02792	0.011833	0.011959	0	0.11311	0.0053788	0.13319	0	0.2245	0.21639	0.30047	0.015805	0.83015	0.0052289	0.27084	0.30256	0.0045318	0	0.0045768	0.027782	0.014757	0.40969	0	0.038538	0.6936	0.50546	0	1.1415	0.0033838	0	0.46033	0	0.37702	0.012944	0	0.20368	0	0	0	0.00043939
"[0.64 .. 0.66]"	0.94879	0.16525	0.80503	0	0	0	0.57275	0.24528	0.48933	0.29808	0	0	0	0	0.078131	0.0048697	0.16288	0.0083698	0.13928	0.30446	0.25944	0	0.61875	0.00099077	0.24991	0.27105	0	0.020473	0	0.0018476	0	0.36209	0.00063182	0	0.52245	0.38858	0.017627	0.86022	0	0.018757	0.42571	0.00014683	0.31165	0	0	0.14742	0	0	0.025185	0.008351
"[0.66 .. 0.69]"	1.0479	0.22933	0.8787	0.010017	0	0.0015408	0.61675	0.24934	0.52969	0.34267	0.068648	0	0	0.016388	0.093131	0.002658	0.19457	0	0.21742	0.39961	0.3181	0.001914	0.67984	0	0.30596	0.29503	0.035991	0.0434	0.021316	0.024915	0.010406	0.38944	0.0096689	0.019049	0.62141	0.45177	0	0.97619	0.012386	0	0.49229	0	0.34188	0.0050557	0	0.22452	0	0.028363	0.054317	0
"[0.69 .. 0.71]"	1.2145	0.20055	1.0617	0	0	0.00082736	0.7333	0.29021	0.63586	0.38745	0.14984	0.0015705	0	0	0.11387	0.021846	0.2613	0.0055466	0.23528	0.49705	0.3322	0	0.7818	0.14267	0.41905	0.3037	0.024114	0.077524	0	0	0	0.45007	0	0.027142	0.76969	0.62508	0	1.1049	0	0.00731	0.60187	0.0042269	0.43778	0	0.037316	0.28293	0.012109	0	0.13065	0.018068
"[0.71 .. 0.73]"	1.1953	0.20426	0.99816	0	0.0067581	0	0.69617	0.24708	0.64979	0.37855	0.24067	0.010383	0.08907	0.0037262	0.083911	0	0.14201	0	0.22743	0.50301	0.33046	0.0034788	0.74637	0	0.45862	0.31267	0.18421	0.073903	0	0	0	0.46926	0.0065707	0	0.68123	0.6285	0	1.0496	0	0	0.58681	0	0.45089	0	0	0.22233	0	0.0059858	0.15348	0
"[0.73 .. 0.75]"	1.3751	0.34402	1.2327	0	0	0	0.85355	0.39344	0.79078	0.50174	0.43764	0	0.28692	0	0.17296	0	0.23969	0	0.30137	0.70579	0.45396	0.023825	0.89477	0	0.60864	0.38108	0.39357	0.066929	0	0	0	0.59288	0	0	0.83458	0.83561	0	1.2715	0	0	0.65528	0.0039013	0.53001	0	0	0.32808	0	0	0.3164	0.0024911
"[0.75 .. 0.77]"	1.7515	0.49645	1.5396	0	0	0.10707	1.1982	0.55941	1.0399	0.71161	0.77888	0	0.63436	0	0.3588	0	0.46032	0.048108	0.49565	1.1014	0.68484	0.24229	1.1879	0	0.90451	0.5658	0.72519	0.2098	0	0	0.040428	0.84167	0	0	1.1632	1.2566	0.010623	1.5888	0.0045438	0.0045637	0.93508	0.12887	0.76572	0	0	0.59873	0	0	0.57502	0
"[0.77 .. 0.79]"	2.3327	0.834	2.1355	0.17937	0.33786	0.65666	1.7491	0.97306	1.5154	1.0715	1.2737	0.28226	1.2679	0.22566	0.67134	0.20697	0.71661	0.35586	0.82403	1.7353	0.99824	0.67426	1.7604	0.21243	1.4163	0.91858	1.3459	0.47391	0.049593	0.12693	0.50096	1.2523	0.18363	0.43827	1.575	1.8916	0.28966	2.0733	0.37267	0.11707	1.4469	0.5994	1.2097	0.088076	0.22114	0.95819	0.17297	0.040641	1.0686	0.143
"[0.79 .. 0.81]"	4.667	2.7451	5.0512	2.1165	3.552	3.5003	4.0244	3.535	4.1183	3.6273	3.5126	2.527	4.1953	2.348	2.7342	3.3464	2.5268	2.0672	3.1391	4.7176	3.0216	3.0711	3.4812	2.433	4.2128	2.5767	4.7532	2.1332	1.2517	2.2356	2.9626	3.3098	2.7749	3.5578	4.2381	4.0869	3.1165	4.6126	3.6658	1.9311	3.673	2.9094	3.255	0.92849	2.5681	3.4898	2.6115	1.5238	3.5539	2.319
"[0.81 .. 0.87]"	66.864	44.729	61.204	60.72	55.317	55.864	68.364	65.993	42.484	52.97	57.923	57.961	65.729	52.095	59.203	70.779	58.314	43.999	53.506	58.537	54.007	45.889	70.528	52.402	57.037	40.12	67.248	52.706	33.052	58.892	67.412	57.596	74.085	44.051	62.765	69.899	58.464	57.883	60.674	41.574	62.599	49.779	44.247	39.318	63.503	66.807	53.048	48.745	65.987	71.811
"[0.87 .. 0.91]"	13.019	8.1054	8.9875	21.966	8.9081	13.372	10.054	15.326	8.9653	8.6013	9.2569	10.993	7.9095	9.0232	13.696	15.387	23.526	14.152	9.2972	8.6924	10.413	8.0563	9.585	41.056	14.471	8.2405	11.239	26.202	5.4393	11.714	10.617	10.511	17.654	7.1438	25.266	9.2226	10.932	9.5308	12.17	8.9057	13.326	9.8335	7.8965	6.6892	33.555	23.904	12.956	8.2887	17.822	13.791
"[0.91 .. 0.97]"	16.746	13.395	19.281	16.987	17.415	16.59	17.546	14.547	18.52	16.6	18.77	14.962	16.902	12.047	13.475	17.537	14.632	13.385	13.833	17.401	18.464	14.533	12.997	14.496	13.831	15.978	17.213	15.821	7.1729	14.71	15.109	18.195	14.662	17.229	14.379	18.556	15.794	17.782	15.06	11.987	17.53	13.961	13.642	7.9975	12.993	15.211	16.793	16.627	15.273	15.983
"[0.97 .. 1.01]"	8.7709	6.745	10.924	8.462	9.452	7.3817	9.5734	8.1648	10.667	8.9169	9.6521	7.0898	7.2095	6.1736	5.9717	9.409	6.7713	5.7844	5.9798	9.3049	10.263	8.0693	6.2355	6.3401	5.87	7.9531	8.4508	5.8309	3.1678	4.8784	6.6892	8.2229	9.043	9.111	6.7376	9.1406	7.7741	9.9521	6.3552	6.3862	7.7831	7.5599	6.7707	2.9208	5.605	6.7495	8.0716	9.9508	6.383	7.4695
"[1.01 .. 1.05]"	6.706	4.9769	8.7624	5.6922	7.2357	5.7172	7.199	6.0492	8.3151	6.8078	7.0426	5.8253	5.5702	4.8426	3.9877	7.5135	4.9965	4.6601	4.3265	7.4946	8.117	6.1996	4.6441	4.7933	4.6131	5.6148	6.416	3.9189	2.4059	3.7325	4.7629	6.476	7.2697	7.2648	5.4306	6.8742	5.6754	7.512	4.7188	4.8952	5.753	6.3908	4.9598	2.4439	3.9656	5.2479	6.3239	7.7184	5.0524	5.1727
"[1.05 .. 1.08]"	1.1443	0.75486	1.1569	0.40267	0	0	0.83829	0.91124	1.0224	0.84121	0	0	0	0	0.48271	0	0.53995	0.020866	0.49075	0.36536	0.78527	0.59808	0.73854	0.18221	0.48102	0.83143	0.10415	0.6079	0.026614	0	0	0.82748	0	0	0.83813	0.42901	0	1.2872	0	0.16691	0.80638	0.051831	0.61826	0	0.20948	0.73602	0.014609	0.46506	0.18044	0.17738
"[1.08 .. 1.10]"	0.82221	0.31264	0.69934	0	0	0	0.42011	0.36181	0.54501	0.38032	0	0	0	0	0.11957	0	0.28264	0	0.19924	0.16863	0.3187	0.14377	0.42468	0	0.39224	0.29175	0.10399	0.24382	0	0	0	0.45661	0	0	0.63964	0.23963	0	0.83948	0	0	0.59504	0.068882	0.40727	0	0	0.37379	0	0	0.2126	0
"[1.10 .. 1.12]"	1.1102	0.49136	0.97949	0.00089247	0	0	0.67412	0.51778	0.83866	0.56915	0.17185	0	0.14484	0	0.18895	0	0.4809	0.088299	0.33008	0.54867	0.52349	0.37333	0.60637	0.12442	0.58645	0.54447	0.39718	0.32787	0	0	0	0.77191	0	0.30027	0.93892	0.45691	0	1.1796	0	0	0.95035	0.47952	0.5478	0	0.0098876	0.47341	0	0.042922	0.47821	0
"[1.12 .. 1.14]"	2.4703	1.1038	1.8463	0.052449	0	0.44538	1.3059	0.94181	1.5631	1.1174	0.69517	0.091559	0.71739	0.058358	0.46534	0.012729	0.77375	0.46019	0.75156	1.2825	0.93548	0.794	1.1751	0.33305	1.2397	0.94119	1.6157	0.74503	0.15661	0.035459	0.47609	1.4985	0.41962	0.90346	1.6411	1.3199	0.33428	2.0857	0.42265	0.16699	1.7364	0.97801	1.0549	10.042	0.25494	0.97751	0.37774	0.058899	1.1736	0.21293
"[1.14 .. 1.16]"	3.7128	1.971	3.333	1.532	1.4782	1.8847	2.5348	2.1499	2.7926	2.103	2.4998	1.8234	2.2612	1.4324	1.3643	1.9163	1.8169	1.7054	1.7533	2.9637	2.3037	2.3153	2.2621	1.3816	2.6499	2.336	2.9933	2.3654	1.2317	1.462	5.1571	3.0477	1.9407	3.1959	2.8412	2.461	2.1463	5.6939	2.0568	1.1777	3.3979	3.3538	2.3383	0.50126	1.7789	2.1965	1.7945	1.2219	3.1184	1.8545
"[1.16 .. 1.19]"	5.9894	3.3604	5.488	2.9653	3.7444	4.4329	5.3319	4.4663	4.6799	3.7337	4.2905	3.6808	4.4624	2.3428	2.5109	3.674	3.3159	2.7711	3.3172	4.7332	3.7381	3.7809	3.2024	2.4957	4.0984	6.0697	7.8139	5.4082	3.3468	4.673	10.629	5.2212	3.7259	6.6053	4.3059	4.0836	4.1233	6.6379	3.993	2.4344	28.71	33.174	3.622	1.4237	3.1838	3.4923	3.1208	2.4355	5.3306	4.0796
"[1.19 .. 1.21]"	16.63	5.3634	8.4951	7.3347	10.044	15.073	11.39	13.947	11.153	8.9632	6.984	8.6488	7.099	4.9916	5.9346	10.33	10.351	7.3996	10.947	8.4317	14.294	14.538	4.7827	6.9313	8.896	10.553	12.555	5.6644	3.1196	8.4687	12.579	14.675	6.6317	10.421	9.1712	6.849	12.25	12.99	10.157	5.4189	23.464	6.9934	5.6696	4.3826	14.579	7.9252	10.874	9.096	17.355	17.08
"[1.21 .. 1.23]"	12.19	9.4192	13.82	13.376	12.544	13.124	11.299	12.761	10.918	12.068	11.676	11.825	12.271	9.9841	10.352	14.215	11.104	8.4627	10.82	12.838	12.993	11.174	9.4678	12.625	13.997	8.295	15.039	10.802	6.6233	12.57	13.761	12.286	14.162	13.526	14.147	10.516	12.89	12.931	14.056	8.6175	11.591	10.925	10.229	5.2836	12.672	14.454	11.581	8.4543	14.227	10.853
"[1.23 .. 1.29]"	67.786	49.017	61.736	101.49	58.969	88.249	61.365	76.106	51.474	55.916	54.689	76.411	58.139	61.583	65.838	90.032	105.32	73.718	64.513	65.413	55.696	50.225	60.543	140.4	82.965	37.247	76.904	103.91	34.08	62.802	84.987	77.909	95.667	58.99	114.55	59.906	69.882	60.642	87.884	50.446	77.283	67.159	43.807	28.378	114.46	91.971	75.376	47.841	103.83	80.068
"[1.29 .. 1.34]"	106.82	87.808	76.173	134.02	98.729	126.4	68.981	101.23	132.4	58.289	79.856	122.12	102.85	96.042	117.2	95.156	174.88	256.96	118.37	113.3	79.716	116.14	68.228	189.75	112.17	113.18	114.03	189.15	67.597	169.79	94.275	110.52	93.432	119.73	122.18	82.634	111.9	98.07	106.94	144.35	87.55	145.26	103.85	74.119	139.9	94.772	133.37	114.84	106.69	125.79
"[1.34 .. 1.37]"	0.9578	2.1947	1.4757	6.0877	0.92144	0.032905	2.1766	4.4287	1.2859	2.6298	0.26269	0.49154	0.25011	2.4013	5.1289	3.574	4.0045	1.186	1.7291	0	1.7346	2.2483	1.9117	11.708	0.53113	2.4878	0	9.2471	1.6569	1.2372	1.6491	0.6154	2.1776	0	2.2756	0.66849	2.0953	0.96842	1.7561	2.7865	0.92962	0	0.19934	0.43598	8.3618	4.5274	2.133	3.845	0.45941	4.3753
"[1.37 .. 1.42]"	4.0058	5.1707	5.9256	5.546	3.7352	1.9217	5.1505	6.1324	4.9754	5.7495	4.2894	3.0703	4.4616	3.7034	5.9776	5.53	4.4429	2.7955	4.0055	3.9584	5.1548	5.0821	4.667	5.7317	2.7239	6.1776	2.7762	6.7097	3.2656	3.8273	3.7971	4.8259	3.3217	4.252	2.8165	4.2818	5.0749	4.7914	3.8035	4.0386	3.5898	2.5472	3.6706	2.0267	5.3636	5.9116	3.5501	6.4255	3.0043	5.2023
"[1.42 .. 1.48]"	17.872	18.829	18.66	19.797	16.649	13.995	18.513	17.044	20.074	15.572	18.187	14.357	21.273	12.695	18.388	18.666	11.578	14.483	12.845	20.291	12.348	18.817	14.545	17.135	10.954	22.587	16.069	15.234	10.327	15.133	12.851	14.61	17.912	22.201	12.731	18.081	19.37	18.109	12.931	13.565	11.81	14.534	17.705	6.8701	13.343	15.089	16.476	17.879	12.501	18.528
"[1.48 .. 1.52]"	2.5713	3.2048	4.2917	1.8732	2.8172	2.7369	3.7546	4.784	2.6367	3.7678	3.3392	2.7299	3.4298	1.9799	3.8075	4.3194	4.2524	2.6481	3.946	1.6294	3.8107	3.6636	2.7734	3.0086	2.6419	3.0646	1.6508	3.5716	2.0454	1.9476	1.7855	3.1438	2.3905	2.6604	2.7824	2.5658	2.6943	3.3814	2.4088	1.887	3.2624	2.8344	3.3541	1.6416	3.0101	3.7425	2.1047	5.0053	2.6066	3.1352
"[1.52 .. 1.54]"	0.15278	0.59698	0.61632	0.03445	0	0.32535	0.47291	1.0357	0.26964	0.77028	0	0	0.2445	0	0.91614	0.30778	1.0426	0.20583	0.92817	0	0.48865	0.39707	0.38298	1.4095	0.39534	0.36683	0	1.5393	0.33123	0	0	0.80083	0	0	0.76658	0.079012	0	0.41487	0.38591	0	0.63292	0	0.39098	0.27778	0.89641	0.95312	0	0.81017	0.39014	0.092642
"[1.54 .. 1.60]"	1.9872	2.0764	2.1436	2.9784	0	2.9538	2.0105	4.0879	1.7333	2.6182	0.26983	0.18547	0.70926	0.24511	3.9067	2.5261	7.1451	3.0582	3.0397	0.33902	1.8765	1.3837	1.6803	12.962	3.3864	1.4381	0.058542	7.7001	1.0306	0	0.067734	2.6313	2.0646	0.015451	6.9134	0.72102	0.049154	1.9981	2.4995	0.1211	3.1172	0.94699	1.306	1.7484	8.5649	5.6057	1.4138	2.0169	3.6429	0.96022
"[1.60 .. 1.62]"	0.58752	0.74154	0.98297	0	0.020909	0.29551	0.72147	0.99685	0.66395	0.92298	0.31116	0	0.46746	0	0.88868	0.36033	0.70556	0.064469	0.6734	0.27528	0.73904	0.72437	0.68384	0.73135	0.4481	0.7256	0	1.1526	0.42953	0	0	0.65988	0	0	0.49757	0.46092	0	0.82339	0.30194	0	0.65129	0.113	0.65052	0.44036	0.70892	0.88107	0	0.87781	0.23483	0
"[1.62 .. 1.67]"	2.1435	2.247	3.0192	0.084421	0.8824	1.6933	2.5012	2.7099	2.4611	2.6029	1.8031	0.092192	2.1934	0.22938	2.2002	1.3367	2.4299	0.87847	1.9758	1.5848	2.5495	2.2642	1.9478	1.7423	1.6715	2.3956	0.78307	2.3658	1.185	0	0.046282	2.1681	0.3906	0.04878	2.1068	1.9101	0.94175	2.7507	1.1563	0	2.4532	1.2906	2.3328	1.9924	1.6788	2.2747	0.70318	2.7925	1.6051	0
"[1.67 .. 1.69]"	1.2881	1.308	1.7742	0.021503	0.88916	1.2068	1.5058	1.4115	1.5405	1.5503	1.1231	0.1848	1.4097	0.40835	1.3113	0.8611	1.2957	0.92668	1.333	1.1273	1.4363	1.1929	1.1314	0.72197	1.0356	1.4233	0.88854	1.2756	0.75714	0.08117	0.58421	1.4921	0.29459	0.27278	1.0666	1.2986	0.70266	1.6784	0.81587	0.20946	1.3022	0.81359	1.237	0.92899	0.79197	1.3974	0.63754	1.4168	1.0253	0.054374
"[1.69 .. 1.75]"	7.3223	6.308	9.7343	4.0816	6.7051	8.0388	8.3213	6.9949	8.5898	6.9911	9.3084	7.5797	8.9694	5.1191	4.9964	7.3137	6.6617	5.9996	7.1162	7.3906	7.7958	7.9809	5.1296	4.2858	6.613	7.4255	6.7319	4.5347	3.4489	4.6897	4.438	7.4	5.3624	6.788	6.8155	7.3087	6.3022	8.8252	4.934	4.2568	7.4957	8.2191	7.2129	3.2126	3.6691	5.3509	5.8712	8.7556	7.6283	5.364
"[1.75 .. 1.77]"	0.15202	0.33161	0.3615	0	0	0	0.28225	0.40963	0.15706	0.4233	0	0	0	0	0.41975	0	0.21647	0	0.31411	0	0.28957	0.15816	0.18085	0	0	0.31665	0	0.36284	0.1563	0	0	0.30213	0	0	0.10691	0.0031924	0	0.32752	0	0	0.16631	0	0.22253	0.73093	0	0.2704	0	0.3665	0	0
"[1.77 .. 1.82]"	1.2307	1.392	1.6319	0.045519	0.019239	0.058761	1.2415	1.4252	1.4384	1.4651	0.65648	0.08088	0.72891	0.04479	1.0448	0	0.82497	0	1.0424	0.8005	1.1706	1.0107	0.97969	0.50225	0.74309	1.1293	0.39129	1.2403	0.73031	0	0.41592	1.4184	0	0	0.90071	0.82928	0	1.5376	0.07174	0.23704	1.0469	0.40487	0.95208	1.5559	0.090964	1.0195	0.29919	1.2835	0.29945	0.039546
"[1.82 .. 1.84]"	0.50434	0.45026	1.0071	0	0	0	0.56985	0.48841	0.54701	0.58497	0.51767	0	0.19179	0	0.36735	0	0.20522	0	0.42194	0.5306	0.801	0.37637	0.52397	0.062195	0.31067	0.352	0	0.44042	0.2992	0	0	0.73206	0.23373	0.036625	0.82091	0.36457	0.39088	0.71936	0	0.013316	0.40281	0	0.38504	0	0	0.35124	0	0.51237	0.45129	0
"[1.84 .. 1.90]"	10.214	8.2081	13.145	7.3075	7.9985	6.6195	9.7079	8.6145	10.812	8.3579	12.317	8.6623	9.2631	6.4499	4.3849	8.9168	5.5789	3.5848	5.5741	10.66	8.9777	10.71	7.6222	5.8297	7.0172	8.7806	9.7726	4.5882	4.8464	5.5585	6.1837	8.3642	9.5536	10.124	7.6542	9.314	10.555	12.104	6.0423	5.427	7.6829	10.044	8.8906	2.3884	5.183	6.5175	7.3747	10.421	7.931	6.9891
"[1.90 .. 1.92]"	1.7497	1.8381	1.5139	1.4509	1.5505	1.8597	2.4905	2.2996	2.3146	2.3163	1.0127	1.2295	1.5225	1.7258	2.3631	2.6469	2.0767	2.322	2.569	0.87949	1.1304	1.2653	1.0026	0.9159	1.5705	1.7686	1.558	2.0796	0.91343	1.2831	1.9802	1.3693	0.68205	0	0.87888	1.7997	0.78158	2.0065	2.0055	2.0562	1.0485	1.3013	1.344	1.7281	0.85756	1.5316	0.92172	1.1342	0.58293	2.3802
"[1.92 .. 1.94]"	1.2229	1.133	1.4942	0.71649	0.72461	0.88341	1.2628	1.2671	1.2145	1.3811	1.0122	0.72651	1.1664	0.58985	1.2039	0.75996	0.90565	0.86983	1.1473	0.97481	1.2495	0.97916	1.0295	0.77512	1.493	1.0563	1.0409	1.0787	0.7171	0.82656	0.87256	1.4304	0.72796	0	1.1937	1.0381	0.74005	1.3346	0.88893	0.65199	1.1854	0.62095	1.0572	0.92458	0.84427	1.4687	0.6778	0.92192	0.91016	0.72184
"[1.94 .. 1.96]"	2.3721	1.9398	2.723	1.9565	1.8134	1.952	2.2844	2.3937	2.2794	2.4737	2.1699	1.8823	2.2016	1.4625	1.8159	1.9764	1.8699	1.2521	1.7528	2.1577	2.4539	1.9835	1.8657	1.9816	2.3641	1.8615	2.4782	2.0811	1.2683	1.9484	2.1783	2.5534	2.0924	0.44372	2.3629	2.0451	1.9608	2.5143	2.039	1.2824	2.2843	1.6522	1.8227	4.1066	2.1101	2.7487	1.8457	1.6851	2.3289	1.5938
"[1.96 .. 1.98]"	4.675	4.045	5.4278	4.51	4.6108	5.0781	5.0228	5.0707	4.6508	5.2626	4.1775	4.8772	4.9102	3.7701	4.2253	5.1194	4.2339	3.4209	4.6425	4.9734	4.103	3.7864	4.2268	4.6805	4.7456	3.3541	5.9021	5.1253	2.5567	4.2042	5.4465	5.907	4.9263	3.0279	4.9446	4.6555	4.61	5.0571	5.4043	3.4288	5.0436	4.0405	3.6108	2.4047	4.6658	4.8742	4.2816	3.715	5.1875	4.5087
"[1.98 .. 2.02]"	13.976	10.22	12.91	18.491	11.638	15.184	12.399	14.775	10.204	11.679	10.873	13.161	11.699	11.297	13.25	15.832	18.419	12.413	12.001	12.832	10.319	9.4176	12.127	24.92	15.291	8.3596	15.203	19.388	6.6784	11.554	14.007	15.526	18.206	8.6069	20.815	12.034	13.543	11.985	15.279	9.6395	14.305	11.781	8.9391	5.821	21.479	18.849	13.565	9.0479	17.579	13.66
"[2.02 .. 2.06]"	17.757	16.182	20.484	22.324	18.164	17.566	17.495	17.68	17.326	17.778	17.376	16.921	20.589	13.672	16.232	21.853	17.532	13.872	15.821	19.124	17.304	14.787	15.244	24.836	20.564	18.049	20.249	22.932	10.925	17.377	19.611	23.461	21.017	17.346	20.743	16.895	20.92	17.074	20.932	13.553	18.563	14.831	15.168	8.2658	21.242	19.3	17.84	17.326	19.739	16.682
"[2.06 .. 2.08]"	7.1588	6.1682	9.1806	7.1115	6.2717	5.2631	5.9888	5.8155	6.4905	6.0052	9.4997	6.2132	7.9585	4.3012	4.8093	6.7093	4.8999	3.696	4.6254	9.6026	8.3591	8.4492	6.8577	6.7831	6.4871	6.2667	7.7764	6.0979	4.397	5.7147	6.1939	10.647	9.8037	8.7689	8.5065	6.2868	9.4597	7.6391	6.2788	4.1459	7.5006	6.5909	6.6959	2.6109	5.9505	6.3816	7.2539	8.6174	8.7562	4.8303
"[2.08 .. 2.14]"	13.948	12.157	11.069	14.178	13.929	10.89	15.273	13.176	14.399	12.748	11.108	10.89	15.278	11.109	12.265	17.01	10.563	10.93	12.416	9.7061	9.875	14.332	8.583	10.47	15.229	13.259	14.286	12.122	6.5683	10.304	13.632	11.233	11.964	11.011	7.7248	13.978	10.445	14.928	14.355	10.563	8.6464	13.154	11.263	6.7822	8.6585	13.09	11.569	12.401	7.1331	11.456
"[2.14 .. 2.17]"	0.30652	0.73343	0.49477	0.088818	0.094977	0	0.63793	0.89289	0.53092	0.7135	0	0.033213	0.25584	0.065563	0.88068	0.19723	0.4952	0.10199	0.79686	0	0.52166	0.49142	0.37383	0.47593	0.25251	1.1088	0.041615	0.75175	0.46949	0.071711	0.15607	0.52467	0.18838	0.052159	0.21958	0.48915	0.19925	0.5764	0.1697	0.17297	0.38369	0.51314	0.45608	0.27525	0.32659	0.70027	0.14787	1.0081	0	0.27935
"[2.17 .. 2.19]"	0.2434	0.43955	0.27111	0	0	0.055897	0.38054	0.65075	0.30178	0.49371	0	0	0.08634	0	0.56562	0	0.38798	0.019523	0.46905	0	0.23939	0.18375	0.15524	0.53778	0.29102	0.33195	0	0.7866	0.32137	0	0.018191	0.38298	0	0	0.16656	0.063748	0	0.27081	0.004928	0.12611	0.29975	0	0.22266	0.55281	0.28961	0.44745	0.0034372	0.31378	0	0.078893
"[2.19 .. 2.24]"	5.849	2.8976	3.0408	5.4829	2.8645	7.0704	4.4361	7.4685	4.0385	3.7019	1.6819	3.4584	2.1536	2.2441	4.517	4.0402	8.4964	4.9066	5.081	2.041	5.4824	4.0951	2.2256	12.475	5.8684	3.5194	4.3527	7.6593	2.0942	2.7502	4.9477	7.6512	4.5122	2.6605	7.745	2.338	3.4125	4.5416	4.7544	2.6034	7.252	2.7118	2.8868	6.8113	11.437	6.3616	4.5776	3.3761	6.9346	5.5866
"[2.24 .. 2.27]"	1.3101	1.167	1.4269	0.94469	0.83103	0.74647	1.2074	1.3462	1.205	1.2947	0.77384	0.7458	0.96797	0.46871	1.2084	0.73759	1.3386	0.67391	1.0508	0.89226	1.1327	1.1349	1.0573	1.9144	1.0766	1.1869	1.1372	2.0444	0.86151	0.75448	0.9448	1.6144	0.91721	1.1812	1.1192	0.92266	0.85545	1.2205	0.84068	0.57922	1.2136	0.61665	1.0582	6.1922	1.5343	1.4288	0.70832	0.96456	0.80598	0.88403
"[2.27 .. 2.32]"	8.525	3.6305	4.8771	3.2831	4.8668	5.8053	6.3801	7.2355	5.5992	5.1552	3.5906	3.8809	3.8107	2.1303	3.5847	4.563	5.5365	3.2176	5.3897	3.815	8.1727	7.7253	3.298	2.7229	3.8538	6.1147	5.8068	3.5013	2.6032	3.4398	6.0448	8.4199	2.8672	4.7715	3.5012	4.0779	5.3738	6.7179	4.4006	2.3908	9.9672	3.0209	3.49	2.393	6.9432	4.4536	5.1315	5.7417	6.7852	8.827
"[2.32 .. 2.37]"	7.3749	6.6616	7.7228	7.4815	6.0552	5.2718	6.9362	6.914	7.6275	5.9638	6.8419	5.2693	7.999	4.3841	7.8053	5.6647	5.5648	6.1026	5.5113	7.3046	7.742	7.0085	5.8352	5.0713	8.2489	10.648	7.1239	8.7001	4.9936	5.3664	7.1655	7.9506	6.7629	6.8688	5.2147	5.8921	8.7016	6.3606	7.0635	6.1164	5.1515	5.057	6.7376	3.1532	5.4231	6.4723	6.3434	7.8335	4.0785	6.3227
"[2.37 .. 2.41]"	5.6518	2.4268	4.0356	2.1238	3.0554	2.952	3.9297	4.4125	3.9314	2.936	3.5199	2.7797	2.9402	1.3251	1.901	2.4609	2.7809	1.7301	2.9785	3.744	5.6984	5.5395	2.8401	2.3992	2.8183	3.9521	3.9677	2.9669	2.1892	2.359	3.8654	6.3412	3.1662	4.3115	3.2589	2.7565	4.8126	4.7068	2.4225	1.4942	6.7263	2.4242	2.8087	1.1177	4.2656	2.7372	3.564	4.7419	4.8665	4.3595
"[2.41 .. 2.47]"	13.14	9.4252	10.386	10.402	12.017	9.6284	12.884	11.173	12.46	10.096	11.528	9.4895	12.832	9.2206	8.688	14.091	8.9118	9.6393	10.416	9.6878	9.7582	15.179	8.0111	8.2708	12.518	9.0568	12.58	7.6187	5.5368	9.3174	11.304	11.208	11.064	12.41	8.6821	12.28	8.8169	14.209	11.477	8.3022	9.1018	12.23	10.356	6.984	7.5397	10.497	10.68	10.868	8.6665	9.8088
"[2.47 .. 2.50]"	0.35934	0.78466	0.7706	0	0.29815	0	0.82919	0.99753	0.6461	0.87649	0	0	0.28537	0.14001	0.83276	0.3836	0.43029	0.51602	0.76175	0	0.52744	0.5426	0.45324	0.017438	0.67173	0.72017	0	0.66215	0.6674	0	0.18938	0.509	0	0.054202	0.16099	0.40998	0	0.56209	0.16435	0.27816	0.16383	0	0.51133	1.4842	0.13905	0.62565	0	0.6222	0	0.30372
"[2.50 .. 2.55]"	2.4053	2.4094	3.246	1.5113	1.5761	0.75324	1.7063	2.332	1.9853	2.5559	1.9779	1.0515	1.4547	0.46587	2.4418	1.1504	1.519	1.5494	2.1264	2.2132	2.4303	2.4568	2.4771	0.91364	2.369	3.0554	1.3253	2.6092	2.5163	2.1345	1.2036	2.5221	2.17	0.88444	1.7541	1.9139	2.6306	1.9404	1.2413	1.5583	2.2287	0.98393	2.302	153.62	1.277	2.5268	1.9937	3.2526	1.5919	2.5305
"[2.55 .. 2.59]"	1.4329	1.402	1.6279	0.39133	0.72881	0	1.2861	1.4563	1.2831	1.3969	0.19344	0.50005	1.044	0.12393	0.44656	0.31361	0.36053	0.01755	0.45349	0.31821	0.91668	1.2667	1.1489	0.31333	1.1096	1.1732	0.56709	0.68107	1.2828	0.37273	0.52344	1.0216	0.82052	0.68458	0.47249	1.0805	0.72746	1.4318	0.29836	0.18281	0.81166	0.31134	1.4347	2.1665	0.75294	1.4447	0.49928	1.0404	0	0.029937
"[2.59 .. 2.61]"	0.14939	0.31802	0.22097	0	0	0.015009	0.39514	0.44042	0.3715	0.60903	0	0	0	0.062753	0.66331	0.080095	0.32092	0.43581	0.46509	0	0	0.10365	0.16042	0	0	0.20959	0	0.4171	0.25488	0	0	0.16456	0	0	0	0.18281	0	0.26274	0.091959	0.23261	0	0	0.16643	1.453	0	0.23824	0	0.020583	0	0.25162
"[2.61 .. 2.64]"	0.8874	0.9504	1.1449	0.026286	0.421	0.1313	0.96309	0.86952	1.0544	1.0613	0.57722	0.32593	0.70955	0.20777	0.88707	0.31262	0.36605	0.84244	0.68094	0.64343	0.66057	0.91907	0.7033	0.26093	0.56353	0.7337	0.66768	0.76076	0.64788	0.16533	0.26908	0.99664	0.25018	0.72023	0.59688	0.6695	0.61586	0.99037	0.24718	0.41815	0.58624	0.34335	0.7007	3.3742	0.41172	0.80977	0.32252	0.78088	0.12323	0.37872
"[2.64 .. 2.70]"	5.2586	4.6159	5.6418	4.2079	4.3294	2.8179	4.7438	4.5869	5.1323	5.3932	4.2156	3.022	4.482	2.6634	4.4892	4.0926	3.1176	3.4477	4.3445	4.6911	4.0743	4.6159	4.2285	3.2077	6.028	5.1667	4.7057	5.5255	3.8838	4.4224	4.1961	5.5098	1.9442	3.54	3.4672	4.7096	4.8823	4.7754	4.5246	3.6503	3.9771	2.8933	4.4575	144.41	3.6514	5.3953	4.3678	4.5313	3.1386	4.9157
"[2.70 .. 2.72]"	1.6802	1.4104	1.6987	0.85198	1.439	0.76951	1.5033	1.6051	1.3239	1.6989	0.99733	0.47696	1.0355	1.0503	1.3923	1.5759	0.80742	0.80967	1.2412	1.209	0.93437	1.2141	1.2833	1.3671	1.2113	0.99983	1.561	1.8079	1.0055	0.73575	1.2813	1.6744	0	1.0789	1.1536	1.2869	1.4463	1.7583	1.3137	1.0677	1.0973	0.76295	1.0316	0.95219	1.3606	1.5121	1.0111	1.1163	0.74109	1.4713
"[2.72 .. 2.78]"	6.5579	5.395	8.4157	8.6444	6.1287	5.3649	6.2118	8.7132	5.1074	6.9281	4.0193	3.2027	4.9279	5.7326	7.2862	8.4979	4.8742	3.759	5.3918	5.3458	4.4059	5.3344	6.5553	10.449	4.73	4.536	7.0597	7.928	4.4568	3.9188	6.9397	6.0748	2.5287	5.2131	6.0088	5.9649	7.7041	6.7283	7.3917	4.0775	5.7736	3.788	4.1992	2.7699	8.6159	7.3897	5.9035	4.8413	4.8006	6.8121
"[2.78 .. 2.83]"	1.7039	1.6465	2.1742	2.0677	1.1153	2.3204	2.2254	3.0076	1.6929	2.1091	0.61273	0.16053	1.5135	1.1473	2.701	2.3048	2.3116	1.7338	2.6375	0.5934	1.0949	1.1421	1.7527	4.4838	2.3265	1.2305	1.0011	3.85	1.5472	0.77571	1.3756	1.8451	0	0.28668	2.8666	1.7041	1.4658	1.8154	2.0859	1.0137	2.1426	0.41303	1.3609	0.47616	2.7722	2.6736	1.2162	0.8864	1.1294	1.6918
"[2.83 .. 2.85]"	0.32363	0.26268	0.47259	0	0	0	0.2886	0.35052	0.35412	0.39693	0.069483	0	0.15383	0	0.1948	0	0.099934	0.18449	0.17029	0.069029	0.11466	0.33888	0.29232	0.28211	0.16561	0.10888	0	0.44408	0.3358	0	0	0.35447	0	0	0.37415	0.24565	0.12937	0.39521	0	0	0.29296	0	0.26497	0	0.28414	0.30001	0	0.034981	0.044906	0
"[2.85 .. 2.87]"	0.56524	0.45884	0.87986	0.017628	0.095349	0.050563	0.42955	0.46966	0.57747	0.55358	0.47677	0	0.42393	0	0.25283	0.04485	0.12708	0.27402	0.24758	0.4351	0.4237	0.61482	0.51307	0.13205	0.28101	0.27039	0.23283	0.34094	0.51889	0.047442	0.091314	0.65592	0.068942	0.44388	0.55652	0.42405	0.55634	0.61783	0.14153	0.040046	0.65345	0.039553	0.50874	0.17307	0.29972	0.42683	0.12585	0.40359	0.36548	0.0065567
"[2.87 .. 2.93]"	4.687	3.5995	5.2646	3.0244	3.4336	2.7467	4.0125	4.1269	4.6206	4.3308	3.02	2.2167	3.9835	2.2074	2.8384	3.5328	2.2797	2.8418	2.4099	3.6145	2.9956	4.4586	3.7039	1.7989	3.232	3.3615	4.2195	2.5717	2.9681	2.7033	3.8583	3.6247	2.7654	4.2799	2.9491	4.0193	4.7206	4.586	3.2819	2.4694	3.5578	2.5268	3.9806	0.93211	2.8832	4.1281	2.6601	3.0032	2.467	2.1165
"[2.93 .. 2.96]"	3.2447	2.5255	3.7078	2.2455	2.2648	1.8605	2.7342	2.677	3.2121	2.8886	2.4921	1.8221	2.7044	1.5928	1.7123	2.3513	1.4852	1.8071	1.6394	2.8153	2.2888	3.1114	2.4882	1.2324	2.4146	2.1822	2.9077	1.6398	1.9503	2.0823	2.8238	2.7234	2.0826	3.2337	2.1777	2.9918	3.3922	3.0645	2.3859	1.6151	2.5984	1.8275	2.7637	1.0214	2.0896	2.8267	2.1049	2.2845	2.0462	1.6752
"[2.96 .. 2.98]"	2.0537	1.6094	2.3556	1.5274	1.4638	1.3379	1.7969	1.6981	2.0299	1.9875	1.5577	1.2151	1.769	1.114	1.1618	1.4536	1.0081	1.2135	1.1463	1.7561	1.4123	1.9515	1.723	0.81364	1.5649	1.4937	1.9312	1.1366	1.2377	1.4234	1.8797	1.7901	1.2414	2.063	1.4575	1.8828	2.2965	2.0662	1.5818	1.0903	1.667	1.1595	1.7921	0.85678	1.3951	1.8012	1.2675	1.3366	1.413	1.1074
"[2.98 .. 3.04]"	15.576	12.949	19.438	14.173	15.215	12.801	15.748	13.809	16.623	14.44	17.432	14.52	15.856	11.786	9.4594	16.804	10.529	10.584	10.164	16.538	13.796	16.77	12.55	9.0213	13.735	13.353	16.27	8.8331	9.2359	12.284	15.306	13.937	15.228	19.995	13.088	15.552	19.162	18.108	14.019	11.662	13.816	14.607	14.374	6.2146	10.111	12.405	12.942	15.482	13.43	12.747
"[3.04 .. 3.10]"	4.6487	3.7466	5.0008	2.7003	2.9334	2.5188	4.4879	4.1305	4.8686	4.4819	3.5237	2.5002	4.2588	2.7147	2.5723	3.5652	2.3265	2.8842	2.5927	3.8737	2.8756	4.5175	3.675	1.8917	3.9347	3.5054	3.9166	2.4611	2.6902	2.5869	4.4509	3.8145	2.5268	4.043	2.9358	4.5157	4.3121	4.712	3.6556	2.4784	3.252	2.6497	4.0479	1.6703	2.7632	3.8106	2.7088	3.3176	2.3005	2.8642
"[3.10 .. 3.12]"	0.75162	0.52834	1.5554	0.01628	0.25434	0.2969	0.81011	0.74684	0.95909	1.057	0.87234	0	0.61425	0.205	0.30227	0	0.21428	0.60504	0.40509	0.73672	0.50002	0.73892	0.90441	0.13368	0.64068	0.39283	0.53844	0.44445	0.77518	0.16533	0.58107	0.67214	0.2143	0.55606	0.87397	0.83498	0.69897	0.87135	0.41709	0.27966	0.55858	0.20618	0.89494	0.30563	0.48953	0.55053	0.23413	0.26631	0.30512	0.39532
"[3.12 .. 3.15]"	2.1874	1.4947	2.4277	0.55212	0.92787	1.0385	2.9064	1.5681	2.8503	2.2381	1.9265	0.90119	2.1035	0.81712	0.84313	0.62726	0.55853	1.3308	1.4666	1.4712	0.93207	1.9463	1.5959	0.8668	3.0939	1.0855	1.8098	1.862	1.4297	1.5743	2.0428	1.3837	0.81569	1.5663	1.2137	2.2113	1.4236	2.2988	1.502	1.1214	1.2375	0.76805	1.9438	0.53913	1.2536	1.7459	0.97421	0.64622	0.70181	1.1637
"[3.15 .. 3.17]"	1.4948	0.85352	1.6639	0	0.46962	0.59397	1.2076	0.74434	1.5772	1.4212	1.2917	0.51694	1.0217	0.47029	0.14271	0.0077797	0.078949	0.67261	0.32804	1.294	0.65243	1.2724	1.2176	0.33368	0.98556	0.55878	1.3121	0.63661	0.56069	0.56726	1.1823	1.1061	0.28745	1.1077	1.1467	1.3904	1.3287	1.4826	0.66293	0.42956	0.91227	0.44063	0.95603	1.6869	0.89154	1.0493	0.47928	0.20623	0.93926	0.35602
"[3.17 .. 3.19]"	4.0932	2.7479	4.0195	1.7493	3.0199	2.8823	3.5103	2.9043	4.2556	3.5602	3.7561	2.776	3.9535	2.0932	1.3856	2.3352	1.3602	2.3364	2.0387	4.0632	2.5767	3.9557	3.3467	1.6817	3.9873	2.2512	4.3788	2.6965	1.7961	3.0169	3.7909	3.155	2.5637	4.2313	3.0403	4.3353	4.1367	4.0677	3.1419	2.2502	2.9207	2.5114	3.3229	1.1363	3.091	3.6552	2.797	1.9	2.7223	2.3134
"[3.19 .. 3.25]"	74.396	67.367	66.099	60.546	73.202	62.143	88.893	65.378	64.655	69.968	86.634	73.17	90.562	70.433	65.568	74.523	49.437	49.916	65.783	72.911	78.328	69.171	83.034	33.538	84.79	58.139	75.212	46.946	67.972	84.03	72.657	57.043	81.492	69.571	57.8	90.269	69.493	68.324	63.86	65.719	61.729	57.068	74.78	41.688	55.927	71.255	62.1	70.083	59.35	80.31
"[3.25 .. 3.30]"	7.6355	12.054	11.113	9.3054	12.294	10.538	11.287	11.429	10.945	11.413	11.272	10.794	13.408	10.981	11.263	11.35	8.0255	8.992	9.9572	12.297	12.472	10.87	19.763	6.2595	9.4221	10.616	8.5981	5.3338	14.068	9.9636	9.3908	9.5842	10.817	13.004	9.5831	10.451	10.492	9.9818	11.251	11.427	9.9614	9.2599	12.941	6.695	8.0814	9.4421	9.7419	11.996	9.5844	8.7202
"[3.30 .. 3.33]"	0.76878	0.99953	1.1962	0	0.28592	0.51786	0.83377	0.88812	0.92073	1.1226	0.8891	0.27485	0.72728	0.52712	0.70791	0.057763	0.30075	0.50984	0.49658	1.1883	1.6076	0.96671	0.89627	0.25448	0.53081	0.67575	0.44768	0.49669	1.0918	0.22084	0.98036	1.5366	0.26511	0.52866	1.9301	0.67182	1.1884	0.80708	0.40338	0.53639	0.72698	0.3443	1.0593	0.35768	0.62117	0.57745	0.2906	0.79201	0.99487	0.4872
"[3.33 .. 3.36]"	5.9986	3.2576	6.798	3.6418	2.6107	2.9296	3.9193	3.857	4.685	3.572	8.3877	5.3463	5.0568	2.4001	2.174	2.7446	1.0061	2.9744	2.0504	8.0976	7.1764	6.538	4.4378	3.9785	5.3681	3.0438	4.9619	2.1718	6.3513	2.6825	5.2796	7.4391	7.3745	7.7197	3.8142	4.5369	6.5186	5.5553	4.8118	2.6954	4.5549	3.8194	7.077	0.66677	4.2074	4.0139	5.8494	7.7507	2.6909	2.6904
"[3.36 .. 3.38]"	2.8762	3.5887	0.80949	2.8887	3.4359	3.0479	4.9913	3.693	4.9667	3.4499	0.53066	2.5462	3.5801	2.4424	0.034822	2.9333	1.139	0.67177	0.74445	0.43844	0.20119	1.2982	0.83366	1.2776	9.3627	3.2795	3.7675	3.4408	0.58019	3.1488	5.5007	0.51389	0	0.40936	0.39825	5.2311	0.31095	2.8256	3.7138	2.1807	0.52659	1.5487	1.7921	0.5973	1.4394	3.976	0.91119	0	0.45946	1.7249
"[3.38 .. 3.43]"	36.2	58.206	38.483	38.812	53.541	47.791	39.178	32.337	43.609	59.162	49.505	53.195	34.945	65.698	49.033	36.839	33.99	39.917	47.888	42.4	43.279	43.173	56.682	22.379	30.545	45.115	38.545	20.875	76.375	43.044	36.036	32.626	41.646	49.468	33.168	43.996	44.052	36.43	41.175	65.352	37.88	42.099	52.849	46.286	35.118	33.697	47.439	42.071	45.571	41.019
"[3.43 .. 3.45]"	2.1526	1.4793	1.7832	0.72121	1.5251	2.4005	2.0367	1.9191	2.0634	2.2923	1.773	1.5531	1.1437	2.1769	1.315	1.1744	0.86548	1.6675	1.558	1.6815	1.7994	2.621	1.6088	1.0453	1.4953	1.5479	1.6162	1.0048	2.0755	1.2498	2.1934	1.822	0.9284	1.2248	1.3076	2.286	1.3262	2.0838	2.161	1.8739	2.046	1.1347	1.9971	3.4695	1.7963	1.8132	1.898	1.3811	1.6495	2.1857
"[3.45 .. 3.50]"	39.888	67.195	44.585	44.515	61.905	55.152	43.38	36.737	47.893	65.972	57.941	62.76	41.11	77.148	53.417	41.076	38.524	42.854	52.032	50.52	51.278	49.327	66.16	25.337	34.717	52.668	42.705	21.812	91.013	50.624	40.011	38.594	50.183	57.136	40.294	51.661	53.246	40.771	45.742	72.329	46.61	48.695	61.283	49.02	39.538	37.896	54.139	51.572	55.247	44.684
"[3.50 .. 3.55]"	25.466	33.058	25.71	25.419	31.769	25.952	27.339	22.131	26.674	31.469	29.425	29.691	26.005	34.515	28.542	26.736	20.86	19.422	24.762	25.708	25.208	29.508	29.422	17.463	24.313	28.898	25.908	19.867	39.26	25.585	28.063	21.887	27.036	30.731	21.61	28.102	28.316	26.21	27.709	34.054	21.94	27.119	31.274	24.04	20.807	23.011	28.409	27.646	22.895	25.087
"[3.55 .. 3.60]"	6.8528	6.8168	8.7228	5.6953	6.896	6.7746	7.8208	8.0391	7.4366	6.8583	7.3984	6.4862	9.0503	5.7082	7.3091	8.0751	5.4231	6.5105	7.0307	7.8025	8.2243	7.511	5.6499	5.3526	7.3335	7.9304	6.5183	7.2687	7.2177	7.091	10.25	9.2532	7.1985	7.1938	6.5035	7.7855	6.8687	7.4731	8.4652	6.3272	8.0331	6.5593	7.2659	6.1914	5.45	6.2453	7.0458	8.9474	6.586	7.5768
"[3.60 .. 3.63]"	3.0218	3.3517	3.5747	2.5965	3.004	3.0159	4.3339	3.1944	4.0796	3.199	4.7568	2.8092	4.9362	2.2782	3.2591	3.2408	2.3619	2.9698	3.7107	3.405	4.1286	3.7845	2.655	2.231	6.7442	3.6139	3.1822	4.6883	4.0148	3.7097	4.5576	4.0931	3.0982	3.1555	3.3876	3.8349	3.2968	3.2003	3.7789	3.234	3.1516	2.7474	4.5383	2.8153	2.5594	3.5808	2.9715	4.0319	2.4727	3.0024
"[3.63 .. 3.68]"	15.572	14.162	18.461	12.853	15.519	14.908	18.981	14.978	17.075	15.976	19.935	14.93	21.392	11.484	12.573	15.927	11.152	11.994	16.859	17.929	18.795	15.658	13.096	10.094	24.01	16.329	18.804	19.247	15.14	19.977	23.924	20.076	17.424	18.617	16.581	18.405	17.987	15.939	17.372	14.142	30.669	32.386	16.927	12.429	12.06	14.964	15.101	16.668	17.766	17.192
"[3.68 .. 3.74]"	52.675	72.01	55.328	55.571	70.591	60.2	55.266	46.65	59.349	72.025	67.884	69.549	53.509	78.836	54.888	55.53	44.009	46.453	56.425	58.601	58.029	60.984	68.904	33.606	48.874	60.5	56.127	32.481	88.142	55.758	58.485	48.079	58.652	68.533	44.392	60.404	60.434	53.994	56.974	75.326	50.873	59.843	68.421	48.818	46.207	47.012	63.23	59.064	58.715	54.377
"[3.74 .. 3.79]"	21.999	30.697	23.818	24.17	27.997	25.126	23.934	20.393	23.979	28.205	27.923	28.362	25.539	31.356	28.518	22.864	18.373	23.954	26.849	25.339	25.775	25.713	29.014	15.703	22.967	28.748	22.128	18.019	39.287	25.653	23.786	21.569	25.896	29.566	20.136	25.444	26.924	21.757	22.816	31.392	23.052	23.339	29.763	22.348	19.898	20.022	26.887	27.587	25.034	24.232
"[3.79 .. 3.81]"	3.2482	4.039	3.488	2.8744	4.2731	3.8242	4.4532	3.9279	3.8345	4.0214	3.2338	3.1551	4.4695	3.653	2.9343	4.202	3.0894	2.1152	3.0423	3.0899	3.1647	3.2277	2.7399	2.3537	4.6652	4.42	3.586	3.3259	3.5806	4.1767	5.2676	3.9798	2.579	3.2776	2.8379	4.153	3.093	3.3132	4.632	3.6182	3.0292	2.882	3.4449	2.808	2.4201	3.5499	2.7669	3.3499	2.8612	3.3516
"[3.81 .. 3.86]"	30.249	48.639	32.993	34.816	45.327	39.295	35.126	28.752	36.473	47.392	42.702	43.596	33.53	52.5	41.237	33.745	29.079	31.362	42.082	35.847	39.415	35.728	45.584	19.73	34.618	40.02	32.684	23.367	65.347	39.443	32.893	30.728	36.239	41.537	28.684	38.723	36.619	30.441	36.095	53.258	33.049	35.573	45.818	37.728	28.964	30.13	40.428	39.052	38.244	35.079
"[3.86 .. 3.92]"	30.684	46.827	37.262	34.945	44.337	36.887	35.152	30.618	35.433	44.47	43.278	42.818	35.484	48.334	38.753	35.439	28.49	29.133	37.357	39.706	40.352	37.401	44.553	21.608	32.388	39.461	34.385	19.958	60.063	37.083	33.798	36.806	38.68	43.61	32.116	37.426	41.196	31.624	37.804	47.475	35.675	35.965	44.315	36.86	29.135	30.128	39.598	41.328	39.509	32.497
"[3.92 .. 3.97]"	6.1306	8.4941	7.1315	6.0886	8.1568	5.9635	9.5617	8.7625	5.5513	5.5938	6.5156	6.5918	9.7551	7.7003	9.6125	9.1999	7.284	4.7031	7.1636	5.6341	7.6363	7.794	4.5217	4.8543	10.747	10.981	6.0127	6.0717	9.91	7.0212	9.7395	7.6008	6.0976	6.9863	5.4601	7.4943	4.9919	7.2499	9.0552	7.6121	7.2996	6.9933	9.093	5.7059	4.5198	6.0743	6.2547	10.197	3.9481	6.864
"[3.97 .. 4.03]"	1.2404	3.594	3.3997	0.57818	1.4859	1.2953	4.2901	4.5336	1.4749	1.3239	2.5246	0.91178	3.7241	3.1821	4.7831	2.6627	2.3852	1.9313	3.508	1.9083	3.623	3.1497	1.7185	1.3737	3.6856	4.5205	0.49526	2.0925	6.6637	1.9632	3.9108	4.1448	1.2164	0.39049	2.4389	2.8518	0.68809	2.1997	3.283	1.9245	2.8112	1.7493	3.99	3.9074	1.1546	1.7042	1.3364	5.2242	0.98512	2.5247
"[4.03 .. 4.08]"	1.5857	3.3404	2.9371	1.2441	1.5637	1.9543	3.6968	3.7387	2.3946	1.2846	3.1545	1.3607	4.1071	2.3075	3.586	2.4637	2.3673	1.8881	2.7343	1.8895	3.0097	3.0856	1.9304	3.0867	4.5546	3.0638	1.23	4.0682	5.5652	2.519	3.882	3.0943	2.2773	1.2903	4.1018	2.8581	1.9832	2.0182	3.2202	1.6633	2.8252	1.4275	3.8081	3.215	2.3016	2.0797	1.4917	3.9092	1.4489	1.6097
"[4.08 .. 4.14]"	17.87	18.734	14.142	13.315	21.593	22.543	11.157	16.882	23.565	8.4243	18.951	22.239	21.864	15.627	20.753	11.986	31.258	53.581	25.057	27.512	17.516	23.728	9.2972	19.297	20.47	22.986	21.48	29.353	18.427	33.907	19.115	26.404	12.88	22.099	16.867	16.147	14.807	15.865	21.034	28.157	15.149	30.474	24.65	17.521	14.781	10.742	28.651	26.678	15.649	20.081
"[4.14 .. 4.17]"	2.914	2.5323	1.648	0.65555	1.2213	2.211	3.121	4.2684	2.2321	0.72854	1.1169	0.8192	2.0673	2.1585	3.5719	1.4162	2.8283	0.81889	2.5059	1.2421	3.0396	3.779	1.0629	0.78519	2.0147	4.261	0.99134	1.1873	3.958	0.16844	3.6913	2.8319	0.40876	0.69035	1.4063	1.5969	1.7767	2.1122	2.0972	1.5057	4.32	1.6429	2.0989	1.8074	2.2366	0.60965	1.6664	4.1339	1.8288	3.8792
"[4.17 .. 4.19]"	0.24341	1.2222	0.93719	0	0.075336	0.092763	0.82994	1.2616	0.48971	0	0.87052	0	1.0597	1.0073	1.6468	0	0.86543	0.22771	0.6631	0.94554	1.3175	1.0618	0.61747	0.12852	0.61552	1.3871	0	0.44624	2.2538	0	1.2359	1.5634	0.50937	0.10314	1.7658	0.5644	0.90345	0.23501	0.74637	0.42745	0.94484	0.64526	1.1396	0.85157	0.016308	0	0.1931	2.1259	0.84334	0.27302
"[4.19 .. 4.24]"	3.306	4.5262	2.8511	1.1635	2.7152	2.2844	4.1674	4.2242	2.6035	1.4241	2.8399	2.1795	5.3411	3.579	4.331	2.7354	3.6139	1.3444	2.3753	2.2614	2.36	4.8752	2.0176	1.4337	3.3965	4.048	3.184	1.7702	5.7893	1.5617	4.1941	3.4985	2.0718	2.6723	2.2699	2.8009	1.4948	2.9769	3.9165	2.1801	3.5718	4.7285	4.7277	2.3238	1.0172	1.8662	1.8341	5.2705	1.1351	1.6906
"[4.24 .. 4.27]"	0.81862	2.1007	1.8021	0.21283	0.63063	0.94319	1.7161	2.2755	1.0031	0.46191	1.2498	0.5999	2.0498	1.8786	2.5391	0.72985	1.8554	1.0043	1.4084	1.139	1.2272	1.8636	0.99929	1.6979	1.4589	1.9983	0.82549	1.0603	3.2227	0.741	2.0641	2.2623	0.69824	0.17859	1.8705	1.3596	0.62788	0.71656	1.8183	0.75452	1.6063	1.2355	1.816	1.1694	1.183	0.75213	0.81257	2.2471	0.93415	0.68343
"[4.27 .. 4.33]"	2.9428	5.395	4.558	1.1714	2.5168	2.0623	5.809	5.7987	3.0421	1.9645	4.4981	2.2911	6.2851	4.9952	6.0192	2.6927	3.5118	1.7235	3.5081	3.355	4.1841	5.26	3.3022	2.0894	5.7182	5.3032	2.8986	2.4549	7.9063	3.2608	5.7472	5.0938	2.9299	1.6603	3.9229	4.648	2.6072	2.7468	4.4789	2.4087	4.0951	3.4769	5.3334	2.6875	2.0729	2.3725	2.1605	6.2289	2.207	3.0478
"[4.33 .. 4.38]"	0.72241	3.528	2.2973	0	0.36709	0.27982	2.6215	3.6032	0.86251	0	1.758	0.13202	3.3576	2.8935	3.7847	0.41504	1.3319	0.35003	0.98992	1.0121	1.4436	2.8695	1.2764	0	1.348	3.3614	0.11388	0.18989	5.9541	0.29742	2.9327	2.8589	0.26298	0	1.6043	2.0561	0.29531	0.28726	2.4425	0.51198	2.1624	1.6006	2.9288	1.187	0	0	0.31139	3.8521	0.36397	0.27466
"[4.38 .. 4.42]"	0.30646	2.593	1.6457	0	0	0	1.7736	2.6849	0.56913	0	1.0992	0	2.23	2.2034	2.7723	0	0.7474	0	0.34047	0.50333	0.59927	2.1446	0.64208	0	0.85138	2.3956	0	0	4.5883	0	1.846	1.863	0	0	1.0065	1.3945	0	0.011068	1.9066	0.088335	1.482	1.1736	2.2158	0.59845	0	0	0	2.6782	0	0
"[4.42 .. 4.48]"	0.20761	3.5372	2.2263	0.029563	0.048055	0.097469	2.2091	3.8477	0.51402	0	1.766	0.026951	3.3804	3.5012	3.7544	0.015494	0.88133	0.064117	0.053146	0.4648	0.36007	3.9057	0.50381	0.25104	1.0579	3.679	0.12892	0	6.6487	0.054455	1.6714	2.4534	0.033341	0.051935	1.4883	2.0496	0.10228	0	2.715	0.064766	2.2109	1.9243	3.2529	0.30627	0.25837	0	0.071417	4.1864	0.03635	0.04499
"[4.48 .. 4.50]"	0	1.0819	0.45467	0.044889	0	0	0.56172	1.2324	0	0	0.26353	0	0.86211	1.2869	1.2212	0	0.049495	0	0	0	0	1.38	0	0	0.054875	1.1614	0	0	2.4124	0	0.010158	0.50778	0	0	0.30482	0.51406	0	0	0.64499	0	0.51634	0.49483	0.9393	0	0	0	0	1.3432	0	0
"[4.50 .. 4.52]"	0	1.4324	0.86783	0.76303	0.14391	0.35527	1.3026	1.84	0	0	0.55636	0.063523	1.3618	2.0321	1.4907	0.29246	0.28815	0.22668	0.15976	0	0	1.9163	0	0.024846	0.82596	1.5244	0.001897	0	3.0594	0.071624	0	0.84314	0.0038245	0.18601	0.40658	1.0292	0.08094	0	0.99607	0.044207	0.64842	0.94287	1.4676	0.16581	0.10679	0	0.089161	1.8024	0.0017007	0.24956
"[4.52 .. 4.54]"	0	1.4953	0.69804	0.80632	0	0.33833	0.92566	1.7953	0	0	0.30888	0	1.1831	1.9934	1.5491	0.26443	0.059039	0	0	0	0	1.6922	0	0	0.036403	1.2988	0	0	2.8925	0	0	0.83564	0	0	0.39598	1.0096	0	0	0.9642	0	0.6582	0.83623	1.2361	0	0	0	0	1.4807	0	0
"[4.54 .. 4.55]"	0	0.61748	0.29714	0.48493	0.068894	0.21257	0.47445	0.77501	0.00016927	0	0.21159	0	0.55601	0.93461	0.61828	0.27123	0.1203	0	0	0.090016	0	0.75183	0.023975	0.018001	0.073553	0.61587	0.017827	0	1.0919	0	0.022286	0.35907	0.016689	0.061084	0.21948	0.57507	0.033851	0	0.55459	0.079471	0.31776	0.41878	0.53539	0.00073211	0	0	0.055535	0.5912	0	0.011077
"[5.00 .. 5.05]"	0	0	0	4.8284e-05	0	0	0	0	0	1.3631	0	0	0	0.0070114	0	0	1.0892	0.00079211	1.6894	0.19925	2.0915	0.048151	0.78352	0	0.3913	1.0306	0.012369	1.4754	0	0.0083919	0	0	0	0.0137	0	0	0.0068461	1.0452	0	0.0093724	0	0	0	0	0	2.4853	0	0	0	0
"[5.05 .. 5.10]"	0.22712	0	0	0.0096438	0.0076623	0.021956	0	0	0.26435	1.5084	0.008969	0	0.018717	0	0	0	1.0054	0	1.6064	0.32147	2.0729	0	0.75971	0	0.45081	0.97094	0	1.6521	0	0	0.010652	0	0.0043439	0	0	0	0	1.2074	0	0	0	0.015411	0	0.00066402	0.012372	2.6448	0.0014755	0.022598	0	0.00095639
"[5.10 .. 5.13]"	0.15673	0	0	0	0	0	0	0	0.085038	0.85086	0	0	0	0	0	0	0.3722	0	0.73901	0.10938	1.006	0	0.42648	0	0.16939	0.3181	0	0.86187	0	0	0	0	0	0.0036477	0	0	0	0.55021	0	0	0	0	0	0	0	1.3636	0	0	0	0.014604
"[5.13 .. 5.15]"	0.18147	0	0	0.0074967	0.039704	0	0	0.02058	0.12081	0.70562	0.004559	0.062999	0.020991	0.068917	0	0.0032489	0.29556	0	0.58655	0.17937	0.73514	0.032246	0.38414	0.025344	0.19198	0.25007	0.055097	0.63872	0.08695	0.043013	0.019169	0	0	0.0040519	0	0	0.069632	0.4622	0	0.067502	0	0.046174	0.049776	0.022161	0.073344	0.96913	0.029698	0.018961	0.044568	0.071539
"[5.15 .. 5.17]"	0.08544	0	0	0	0	0	0	0	0.11547	0.62329	0	0	0	0	0	0	0.21526	0	0.55557	0.069256	0.59616	0.026546	0.3061	0.19072	0.13745	0.13621	0.056481	0.73836	0	0	0.047849	0	0	0	0	0	0	0.3955	0	0.03036	0	0	0	0	0.13858	0.91964	0	0	0.00052477	0.0034066
"[5.17 .. 5.21]"	1.0396	0.34157	0.12661	0.96994	0.38874	1.2078	0.27114	0.6977	0.92525	1.8997	0.5043	0.075316	0.25611	0.38653	0.26212	0.75502	1.8243	0.067819	1.6548	0.72939	1.688	0.93742	1.0252	2.6786	1.2179	0.54419	1.1773	2.6596	0	0.75929	0.97006	0.95883	0.13663	0.51808	1.422	0.14074	0.91765	1.2368	0.99181	1.0195	0.60654	0.5565	0.45437	0.19859	2.4668	3.0225	0.90466	0.11383	1.3994	0.76634
"[5.21 .. 5.24]"	12.822	19.629	13.022	13.857	18.392	14.553	12.967	11.071	15.087	21.091	16.65	16.356	10.953	22.466	15.545	12.945	11.091	10.828	14.995	14.857	15.393	15.023	19.898	9.1815	10.17	15.545	13.92	8.37	25.385	13.527	12.592	11.184	14.44	17.155	10.787	14.562	15.81	13.282	14.206	21.629	11.571	14.201	17.16	12.761	13.044	13.527	16.571	14.316	14.613	14.094
"[5.24 .. 5.26]"	2.6341	2.2871	2.9408	3.0877	3.5916	3.0642	2.7995	3.1779	2.3798	3.2191	2.4528	2.2509	2.6587	3.2084	3.0342	3.6255	2.6229	1.3964	3.4651	3.2662	3.2538	2.5954	2.6144	3.3542	2.8677	2.6607	3.4104	3.7212	1.9266	2.6494	3.1937	2.9159	3.4146	2.7389	2.7528	2.2982	2.8867	3.2233	3.6456	2.2884	2.4189	2.5064	2.2764	1.1994	3.2203	3.8446	2.984	2.3386	2.6587	3.3919
"[5.26 .. 5.32]"	11.887	8.8199	12.419	20.648	11.631	14.621	11.2	16.56	8.2335	11.529	8.1632	9.8339	8.5061	12.965	15.316	18.547	17.602	9.6565	13.742	11.096	10.616	7.9334	12.619	28.738	13.041	8.0989	14.036	21.092	6.4384	9.6766	14.048	12.675	18.278	8.6091	18.379	10.031	13.71	11.787	16.344	9.2283	12.61	10.314	6.775	4.9727	22.512	18.838	13.633	8.0995	15.135	15.088
"[5.32 .. 5.37]"	0.94772	0.54143	0.25813	2.3507	0.32484	1.253	0.72835	2.021	0.35894	0.89378	0.37058	0.2357	0.21856	0.89382	2.3889	1.535	3.2666	0.68596	2.4932	0.6906	2.1445	0.21996	1.6756	5.9465	1.7303	1.4347	0.37104	4.6558	0.17463	0.61547	0.47533	0.64888	1.3769	0.095098	2.4271	0.32681	0.64499	1.369	0.90729	0.49962	0.98775	0.76632	0.57984	0.15164	3.2064	2.7812	0.93635	0.24845	0.9473	1.142
"[5.37 .. 5.42]"	0	0	0	0	0	0.032663	0	0.22246	0.0056702	0.34511	0	0.0024334	0.018538	0	0.49096	0	0.67622	0	1.1757	0.076347	1.2206	0	0.51466	0.015177	0.32205	0.7531	0.0038453	0.8911	0.00050783	0.024394	0.0012265	0.0070979	0	0.0040962	0	0.00016263	0.0033963	0.51231	0	0	0.0059001	0	0.094855	0.16773	0	1.0371	0	0	0	0
"[5.42 .. 5.48]"	0	0	0	0	0.0099896	0	0	0.13555	0	0.28635	0	0	0	0.0035264	0.15589	0.00268	0.43003	0.0044381	1.0062	0	1.2141	0.017525	0.44575	0	0.13684	0.60437	0	0.5107	0.00016909	0	0	0.0097623	0	0.020213	0	0	0.014613	0.37593	0	0.011386	0	0	0	0.001956	0	0.95307	0.0046905	0	0.00040756	0
"[5.48 .. 5.54]"	0	0	0	0.013856	0	0	0	0.037261	0.010124	0.22547	0.00047478	0	0	0.0022928	0.18493	0	0.36391	0.004993	0.96346	0	1.0709	0.016026	0.32113	0	0.084348	0.62763	0.0072259	0.3934	0	0	0.0058641	0	0.0083097	0	0	0.0087775	0	0.36156	0	0	0	0	0	0	0.0065725	0.87659	0	0	0	0.0030907
"[5.54 .. 5.57]"	0	0	0	0	0	0.012853	0	0	0	0.066224	0	0.024886	0	0	0.043109	0.017273	0.10397	0	0.43965	0	0.41808	0	0.12844	0	0.038028	0.24932	0	0.14214	0.01823	0.0058861	0.006438	0	0	0.029006	0	0	0	0.11391	0	0.017129	0	0.024658	0	0	0	0.42466	0.018297	0.0011749	0	0
"[5.57 .. 5.62]"	0	0	0	0.0072123	0.012295	0.00024127	0	0.038225	0	0.22714	0	0.00033971	0	0.0090646	0.053024	0	0.15896	0	0.75968	0	0.78747	0	0.27679	0.012401	0.003074	0.47149	0.010442	0.41176	0	0	0.00045711	0.011109	0	0	0	0.017095	0.012421	0.26143	0	0.0014596	0	0	0	0.013997	0.0019609	0.74989	0	0	0.0052751	0
"[5.62 .. 5.67]"	0	0	0	0	0	0.007361	0	0	0.01413	0.21942	0.01847	0	0.013701	0	0	0	0.090486	0	0.66871	0	0.80268	0.00066351	0.21824	0	0	0.40813	0.01442	0.37532	0	0	0.012308	0.0062044	0.0065301	0	0	0	0	0.24852	0	0.0058297	0.0053466	0.0042237	0	0.13438	0.012264	0.65861	0.0009796	0.011458	0	0.0012829
"[5.67 .. 5.72]"	0	0	0	0	0.021321	0	0	0	0.015885	0.18181	0	0.021786	0.027634	0	0	0.0047152	0.0081336	0.014234	0.63711	0	0.63209	0	0.21304	0	0.0084624	0.39231	0	0.31345	0	0.014589	0	0	0.0029547	0.010846	0	0.0057184	0.023686	0.28418	0	0	0	0.0026574	0	0	0	0.59357	0.010173	0	0	0.0035821
"[5.72 .. 5.74]"	0	0	0	0.0047605	0	0	0	0.019087	0	0.061952	0	0.0018875	0	0.0052415	0	0	0	0	0.25528	0	0.27027	0.0074723	0.097415	0.0021904	0.0024884	0.15788	0.0117	0.090985	0.010987	0	0.0047039	0	0	0.0060941	0	0	0	0.089039	0	0	0.028876	0.01019	0	0	0	0.21078	0	0	0.029752	0
"[5.74 .. 5.77]"	0	0	0	0	0	0.0058177	0	0	0.0042212	0.15877	0	0	0.017579	0	0.00040612	0	0.0023815	0	0.3966	0	0.3511	0	0.11773	0	0.0055052	0.20258	0.0055957	0.13322	0	0	0	0.0026195	0	0	0	0	0.014504	0.24198	0	0.0043881	0	0	0	0.021172	0.011627	0.38409	0.0067006	0.0022138	0	0.014686
"[5.77 .. 5.82]"	0	0	0	0.024988	0.01753	0.0041798	0	0	0.0056064	0.17126	0.029967	0.012651	0.026039	0	0.07221	0.00902	0.0092106	0.0037055	0.68938	0	0.59645	0	0.20656	0.0020711	0	0.41711	0.0015045	0.32431	0.019604	0	0.010042	0.0076166	0.005501	0.052521	0	0.014929	0	0.23621	0	0.0141	0.0025283	0.031745	0	0	0	0.54863	0.0092043	0.0060425	0.018875	0
"[5.82 .. 5.87]"	0	0	0	0	0	0	0	0	0	0.19397	0	0	0	0.011954	0	0.014502	0	0.009207	0.64028	0	0.54867	0.008538	0.13651	0	0	0.41172	0.0021181	0.28421	0	0.012698	0.013886	0	0	0	0	0	0.016612	0.24725	0	0	0	0	0	0.0062807	0.0023155	0.56423	0	0	0	0
"[5.87 .. 5.90]"	0	0.018412	0	0.00093788	0.0080579	0.0093195	0	0.0049585	0	0.091287	0.017345	0.0043905	0.021467	0	0.027093	0	0.010428	0	0.28188	0.0091417	0.24206	0.0044098	0.090706	0.0067231	0.0045155	0.18083	0	0.14067	0.0052544	0	0	0	0.018513	0.022048	0	0.006807	0.0005588	0.12482	0	0.0081863	0	0.012268	0	0	0	0.26982	0.013996	0.016947	0	0.0095387
"[5.90 .. 5.92]"	0	0.017559	0	0	0.015038	0	0	0.040468	0.0041477	0.081849	0	0.017482	0.043428	0.010402	0.017139	0	0.0013053	0	0.28887	0.026669	0.33487	0	0.1666	0.0036125	0.012103	0.17899	0.022915	0.1635	0.0095109	0.00082175	0.0083696	0.03368	0	0	0	0.0048231	0	0.13543	0	0.0032104	0.017624	0	0.027966	0	0.0088931	0.3539	0	0.010328	0.0039513	0.0098695
"[5.92 .. 5.97]"	0	0	0	0	0	0.024725	0	0	0	0.09636	0.00045645	0.0030738	0	0	0	0	0	0.0082199	0.42403	0	0.37422	0.01337	0.17169	0.0074873	0	0.26928	0	0.17737	0	0	0.00082695	0	0	0	0	0	0.029019	0.17413	0	0	0.010651	0	0	0	0	0.41357	0.011795	0	0	0
"[5.97 .. 5.99]"	0	0.0040178	0	0.0053952	0	0	0	0.0081069	0	0.035233	0	0.0060549	0	0.015242	0.0134	0	0	0	0.24595	0.00084539	0.26586	0	0.093435	0	0.018474	0.15391	0.0013109	0.12244	0.0044589	0	0	0	0.032205	0.021859	0	0.0024361	0	0.11788	0.00041531	0.00076446	0.016916	0	0	0.003048	0.0030471	0.22784	0.0012785	0.0076794	0.027023	0
"[5.99 .. 6.03]"	0	0	0	0	0	0.0064836	0	0	0.0057617	0.052762	0	0	0	0	0	0.01585	0.0040358	0.0020173	0.37407	0	0.306	0.0010127	0.12031	0.0036971	0	0.25902	0.013973	0.19476	0	0	0	0	0	0	0	0	0.028353	0.13676	0	0.0064817	0	0.01071	0	0.0036952	0	0.31131	0.011094	0	0	0
"[6.03 .. 6.08]"	0	0.0088738	0	0	0.010196	0.0079884	0	0	0	0.093016	0.01989	0	0	0	0	0.007475	0.015346	0	0.47514	0.033628	0.39168	0	0.13718	0	0.0010161	0.29007	0	0.20351	0.021495	0.030559	0.010196	0.01829	0.0042547	0	0	0.029699	0	0.18746	0.020841	0	0.018261	0	0	0	0.0061539	0.42121	0	0.010155	0	0.014569
"[6.08 .. 6.13]"	0	0	0	0	0	0	0	0	0.0018007	0.095837	0.0088906	0.0061494	0	0.008044	0.030591	0	0	0.022917	0.40637	0	0.36749	0.0090698	0.14443	0	0.017098	0.32372	0.0027904	0.24056	0.010404	0	0.011676	0	0	0.039516	0	0	0	0.1665	0	0.0043847	0	0.0013053	0	0.0017786	0	0.34196	0	0	0	0
"[6.13 .. 6.17]"	0	0.00014256	0	0.023294	0.00019821	0.0018981	0	0.0017011	0.0042255	0.065527	0	0.0061445	0	0	0	0	0	0	0.29795	0.012843	0.24497	0.0041135	0.043173	0.0043595	0	0.15474	0	0.12581	0	0.0008874	0	0.011481	0	0	0	0	0	0.12391	0.01201	0.0010908	0.021226	0	0.023758	0	8.5094e-05	0.24553	0.023086	0.01041	0.012135	0.024966
"[6.17 .. 6.21]"	0	0	0	0.0093686	0.0061417	0	0	0	0	0.12525	0.0079448	0	0.035367	0.018838	0	0	0.011406	0.0007629	0.37885	0	0.33042	0.0022864	0.11362	0.0012386	0.0053684	0.21384	0.0042829	0.18882	0	0	0	0	0.023737	0.0014309	0	0.00081595	0.00090024	0.076041	0.0108	0	0	0.011235	0	0.011066	0.0048378	0.33629	0	0	0	0
"[6.21 .. 6.26]"	0	0	0	0	0	0.0050416	0	0.030224	0.019671	0.059034	0	0	0	0	0.0080011	0.019421	0	0	0.3842	0.0089957	0.31618	0	0.12206	0	0.0083135	0.24421	0.0033522	0.20348	0	0.015283	0.0011895	0.0049153	0	0.0073366	0	0.019712	0	0.12369	0	0.017168	0.00041211	0	0.052368	0	0.0053096	0.35113	0.015152	0.0047429	0	0
"[6.26 .. 6.30]"	0	0	0	0	0.01305	0	0	0	0	0.092687	0.018698	0.026745	0	0	0.011901	0	0.0081163	0	0.32062	0	0.27106	0.012986	0.095467	0.001271	0.0038058	0.20583	0.012796	0.15558	0.0050256	0.0088475	0.0082286	0.0035912	0	0.0047086	0	0	0.0051919	0.079266	0.0078826	0	0	0.038576	0.0012586	0.0056974	0	0.30194	0	0	0.012898	0.0083918
"[6.30 .. 6.33]"	0	0.02141	0	0.010264	0	0.0074926	0	0.0083989	0.0020084	0.066974	0	0.0090013	0	0.006027	0	0.040145	0	0.0083972	0.26677	0.0059033	0.22257	0.019117	0.058407	0.0062557	0	0.14296	0	0.077755	0	0	0	0	0	0.014153	0	0.020693	0	0.1241	0	0.015116	0.007059	0	0	0	0.014186	0.20208	0	0.015488	6.1767e-05	0
"[6.33 .. 6.35]"	0	0.0078296	0	0	0.010086	0	0	0.0052476	0	0.044168	1.0414e-07	0	0.0097551	0.0050333	0.00084908	0.0081825	0	0	0.14634	0	0.15711	0.0068091	0.022667	0	0.023534	0.064257	0	0.063662	0	0.0125	0.0030091	0.0056862	0.0016955	0	0	0	0.025073	0.015912	0	0	0	0.0030094	0	0.012762	0	0.11927	0.01417	0	0	0.0072991
"[6.35 .. 6.40]"	0	0.0016056	0	0.028923	0	0.023775	0	0	0.0098321	0.082627	0.012505	0	0	0.0016117	0.0080442	0	0.013376	0.0045444	0.27921	0.010828	0.27083	0	0.092841	0	0	0.23181	0.006376	0.16623	0.011306	0.0067973	9.424e-06	0.0045597	0	0	0	0.016084	0	0.089819	0.01516	0.015842	0.0062626	0.0034457	0.030822	0	0	0.31249	0	0	0.0040844	0
"[6.40 .. 6.44]"	0	0	0	0	0.0001836	0	0	0	0	0.051543	0	0.010943	0.0047029	0	0	0.013055	0	0	0.33235	0	0.31048	0.029557	0.043302	0.0028154	0	0.21334	0	0.15542	0	0	0	0	0	0	0	0.017996	0.0043198	0.12086	0.0043201	0	0	0.0097597	0	0.0070097	0.0065564	0.29941	0.01403	0	0.0068497	0
"[6.44 .. 6.50]"	0	0.0011952	0	0.00015405	0	0	0	0	0	0.048492	0.0060613	0.0015542	0.0047046	0.00098563	0.0082433	0	0	4.3506e-05	0.35752	0	0.27628	0	0.085502	0	0	0.23613	0	0.1848	0.010089	0.0093687	0.0070751	0	0	0	0	0	0	0.088188	0.0065299	0	0	0	0	0	0	0.34279	0	0.028917	0	0.015125
"[6.50 .. 6.53]"	0	0.0097545	0	0	0.01836	0.0077536	0	0.014144	0.018646	0.048492	0.013625	0	0	0.00068067	0.015381	0	0.017818	0	0.22478	0.024775	0.16297	0	0.057237	0.020002	0.025476	0.13338	0.040996	0.10566	0.0065562	0	0.00091216	0.013214	0.022752	0.020451	0	0	0	0.067579	0	0.0070649	0	0.00050656	0.0099142	0	0	0.18873	0.016572	0	0.0059446	0
"[6.53 .. 6.58]"	0	0	0	0	0.001569	0.0091265	0	0.015476	0	0.10787	0	0.026868	0	0.0015707	0	0	0	0.0075786	0.33687	0	0.29845	0	0.094322	0	0	0.21882	0	0.18967	0	0	0	0	0	0	0	0	0.020261	0.18312	0	0.00060231	0	0	0.0041073	0	0.00023876	0.32098	0	0.014876	0	0.0033107
"[6.58 .. 6.61]"	0	0	0	0.011143	0.0053989	0	0	0	0	0.014066	0	0	0.0037294	0	0	0	0.022481	0	0.19712	0	0.16103	0.01838	0.054989	0.011984	0.016488	0.1128	1.5478e-05	0.078613	0.00035522	0.008266	0	0.020583	0.019769	0.017529	0	0	0	0.03721	0	0	0.0033684	0.007492	0	0	0	0.1722	0	0	0.0069732	0
"[6.61 .. 6.64]"	0	0.013473	0	0	0.0050695	0.0084377	0	0	0.015142	0.030506	0.0019684	0	0.01384	0.011346	0	0.0040579	0	0	0.19136	0.0081669	0.10848	0	0.023945	0	0	0.1644	0	0.081775	0.0036053	0	0.012794	0	0	0	0	0.019329	0	0.081463	0	0.0057021	0.010595	0	0	0.0039503	0	0.15007	0.0043098	0	0	0.010914
"[6.64 .. 6.66]"	0	0	0	0.033331	0	0	0	0.015547	0	0.071749	0.0021192	0.033173	0.005864	0	0.001649	0	0	0.013995	0.1519	0	0.14214	0.015661	0.043195	0	0	0.10003	0.0043052	0.076848	0	0.010527	0.0062502	0	0	0	0	0	0	0.075954	0.017048	0	0	0	0.00043653	0	0	0.15889	0	0	0.00060008	0
"[6.66 .. 6.71]"	0.061501	0.018474	0.076123	0.0045172	0.10075	0.010975	0.056765	0.29972	0.025058	0.41011	0.0010396	0.020534	0.0042139	0.1429	0.020706	0.022841	0.035893	0	0.48952	0.062666	0.48522	0.00093042	0.3247	0.020842	0.013401	0.47215	0.014521	0.26257	0.038478	0.032632	0	0.017872	0.067484	0.041475	0	0.035147	0.026848	0.43847	0.0089474	0.075092	0.01306	0.030748	0.014778	0.0048615	0.015757	0.55671	0.0010857	0.040588	0.0098064	0
"[6.71 .. 6.75]"	0	0	0	0	0	0	0.0027502	0.079041	0	0.10553	0.00048818	0.0067253	0	0.0073684	0	0	0.0031489	0.0018505	0.26488	0	0.20531	0.0069742	0.13619	0	0	0.21408	0	0.13123	0	0	0	0.0015509	0	0	0	0	0.0078919	0.11754	0	0	0.019766	0	0	0.0038394	0	0.26062	0.0075271	0	0	0
"[6.75 .. 6.77]"	0	0.0056758	0	0	0	0.0024476	0	0.03547	0.013081	0.063676	0	0.013789	0	0	0	0	0	0.0022766	0.18259	0.0011901	0.18668	0	0.054616	0.013194	0	0.13305	0.0065021	0.10552	0.0077431	0.016679	0.0015922	0	0.035063	0.035386	0	0	0	0.15249	0	0.00082798	0	0.0064462	0	0	0	0.23035	0.0039909	0	0	0
"[6.77 .. 6.83]"	0	0.009638	0.017309	0.015611	0.0010724	0.0084502	0.029795	0.22819	0.007741	0.37815	0	0	0.015991	0.019638	0.0064203	0.011278	0.019634	0	0.58032	0.0015076	0.46076	0.043286	0.36697	0	0.0059036	0.49874	0.002637	0.30711	0	0	0	0.012605	0.0016559	0.0042279	0	0.0067417	0.011046	0.50239	0.0057751	0.013911	0.020562	0.013324	0.0096157	0.023471	0.019727	0.65311	0	0.0080851	0.011314	0.013334
"[6.83 .. 6.85]"	0	0	0.011396	0	0.0048248	0	0	0.063332	0	0.10744	0.0084828	0	0	0	0	0	0	0.0076296	0.14899	0	0.15417	0	0.095097	0	0.0025488	0.10819	0	0.10816	0	0.018233	0	0	0	0	0	0	0	0.16433	0	0	0	0	0	0	0	0.23255	0	0	0	0
"[6.85 .. 6.91]"	0.85185	0.861	1.1935	0.77506	0.82129	0.67223	1.0797	0.85457	0.87786	1.2589	0.81935	0.95792	0.8127	0.77723	0.47824	1.0573	0.48077	0.62399	1.2662	0.65741	1.1564	0.8147	1.07	0.48856	0.4572	1.4042	0.91138	0.95054	0.28242	0.71824	0.64078	0.59249	0.76181	0.69192	0.56851	0.95203	0.59126	1.239	0.61325	0.62341	0.64414	0.90604	0.36599	0.44067	0.42984	1.2383	0.74452	0.78045	0.63062	0.78028
"[6.91 .. 6.96]"	0.20134	0.0048323	0.43493	0	0	0.0072568	0.31378	0.3356	0	0.40736	0.12289	0	0.016598	0.0024485	0.029251	0.0012978	0	0.067876	0.60814	0	0.63849	0.0058479	0.43356	0	0	0.6688	0.0045376	0.36796	0.003083	0.006503	0	0	0	0	0.14563	0	0	0.66727	0	0	0	0	0	0.038224	0	0.63549	0	0	0	0
"[6.96 .. 7.01]"	0.47147	0	0.38797	0.032679	0	0	0.39254	0.58101	0.015049	0.64072	0.13848	0.062154	0	0.017597	0	0.10218	0.0017816	0	0.68211	0.21596	0.8008	0	0.6169	0	0	0.8045	0.012701	0.42141	0	0.018996	0	0	0	0	0.20281	0	0	0.86785	0	0.0033189	0	0	0	0.0072762	0	0.81028	0	0	0	0.014131
"[7.01 .. 7.07]"	0.73943	0.49862	0.92784	0.41644	0.5325	0.59159	0.80293	1.0204	0.63276	0.98237	0.68955	0.75815	0.81321	0.55046	0.43881	0.83456	0.46553	0.56914	0.95948	0.68368	1.0018	0.76554	0.82891	0.35458	0.67791	1.1301	0.74822	0.66119	0.35184	0.54057	0.6524	0.55873	0.76301	1.1242	0.62112	0.77198	0.89162	1.0104	0.73883	0.45738	0.59129	0.63189	0.63736	0.29243	0.36554	1.157	0.61438	0.69135	0.43111	0.62676
"[7.07 .. 7.09]"	0	0	0.041976	0	0.0012308	0	0.007372	0.091142	0.01975	0.066837	0	0	0	0.013406	0	0.0014583	0	0.0032009	0.17724	0.0002479	0.19744	0	0.087442	0.0014164	0	0.18056	0	0.09843	0	0	0.0088517	0	0.0046744	0	0	0.0062127	0	0.10213	0	0.00061461	0	0.0078431	0.034992	0.010568	0.0085193	0.13457	0	0	0	0.0011957
"[7.09 .. 7.14]"	0	0	0.033987	0.0059173	0.0031498	0.023945	0.0489	0.24608	0	0.18307	0.0063748	0.003043	0.011245	0.009371	0	0.018554	0.030289	0	0.36959	0.0113	0.35945	0.0022403	0.25437	0.0011664	0.016365	0.46153	0.027395	0.20535	0.0020372	0	0	0	0	0.040854	0	0	0	0.41495	0.0042828	0.0064151	0	0.001411	0	0	0	0.49099	0.0025804	0	0.0052746	0.023352
"[7.14 .. 7.20]"	0.69336	0.68258	1.0333	0.825	0.61801	0.4847	0.93553	0.6717	0.71831	1.0225	0.75503	0.87088	0.6219	0.66262	0.47733	0.80156	0.41097	0.60974	0.94085	0.69487	0.88912	0.86378	0.94088	0.39681	0.50187	1.2542	0.71311	0.69115	0.1332	0.51434	0.56523	0.44961	0.73615	0.94192	0.35876	0.80808	0.57134	1.0283	0.53674	0.56753	0.48201	0.74874	0.17228	0.42298	0.31376	1.0375	0.68336	0.8588	0.63799	0.6146
"[7.20 .. 7.23]"	0.027234	0.012036	0.20024	0	0	0.0056617	0.071704	0.20953	0.0051143	0.19264	0.0015914	0	0.0059252	0.006993	0.0044478	0	0	0	0.31408	0	0.34	0	0.28125	0	0	0.39699	0	0.16069	0	0	0.011166	0	0	0.010067	0.06482	0.023843	0	0.30133	0	0.0121	0	0.013446	0	0	0	0.3195	0	0.010966	0	0
"[7.23 .. 7.26]"	0.25413	0.0051611	0.3091	0.055696	0.062533	0.015044	0.29961	0.29127	0.036396	0.40384	0.0080883	0.022476	0.035046	0.043981	0.013358	0.0028111	0.0099219	0.044899	0.34476	0.0027321	0.41785	0	0.37154	0.015248	0.049046	0.5957	0.065578	0.24364	0.01622	0.047076	0.1467	0.058463	0.042992	0.029791	0.09212	0.14611	0.038275	0.53412	0.026177	0	0.0024569	0	0.0498	0.039452	0.028048	0.5036	0.039765	0.014641	0.013232	0.038414
"[7.26 .. 7.29]"	0.10911	0	0.23291	0	0	0	0.2149	0.22374	0	0.21165	0	0	0	0	0	0	0	0	0.34944	0	0.38935	0	0.27438	0	0	0.3812	0	0.18022	0	0	0	0	0	0	0.0058179	0	0	0.37218	0	0	0	0	0	0	0	0.34574	0	0	0	0
"[7.29 .. 7.33]"	0.25898	0.032912	0.44318	0.057367	0.045746	0.033254	0.46264	0.43527	0.035506	0.51353	0.039639	0.01453	0.020831	0.12709	0.028626	0.041969	0.036159	0.19566	0.617	0.049135	0.59488	0.02257	0.4339	0.052571	0.0085459	0.79152	0.021343	0.35445	0.004355	0.012318	0.0096099	0.17562	0.0060092	0.019429	0.19354	0.10983	0.059597	0.65947	0.036816	0.065085	0.016044	0.048289	0.019275	0.026187	0.013011	0.56834	0.026357	0.020937	0.013065	0.19828
"[7.33 .. 7.38]"	0.1805	0	0.27211	0	0	0.0043868	0.30195	0.34556	0	0.37078	0	0.0012504	0.0051595	0.0011342	0	0	0	0	0.51257	0	0.49791	0	0.41621	0	0.0069237	0.6785	0	0.28519	0	0	0.0084533	0.026431	0.0055159	0	0.091699	0	0	0.55522	0	0.0063205	0.017596	0	0.004924	0	0.0023386	0.59334	0.00011333	0.007263	0	0.00021016
"[7.38 .. 7.44]"	0	0	0	0.018306	0.02032	0	0.1165	0.27128	0.0010627	0.18102	0.020336	0	0.011102	0.015395	0.0038859	0.023014	0.016387	0.028827	0.49694	0.01788	0.38474	0.03016	0.24726	0.023184	0.0090379	0.60407	0	0.29117	0.0023874	0.020977	0	0	0	0.0043345	0	0.071784	0.035135	0.42003	0	0.0069976	0	0	0	0.011621	0.0034874	0.3877	0.010226	0.0049758	0.0019467	0.0079187
"[7.44 .. 7.47]"	0	0.010543	0	0	0.0066252	0	0	0.048843	0.0039996	0	0	0	0	0	0	0.009673	0	0.0072964	0.12742	0.012431	0.13187	0.0016992	0.053659	0	0	0.13708	0.0029369	0.074691	0	0	0.003122	0	0.026792	0	0	0	0	0.042381	0.0014127	0	0.0084857	0	0.0058829	0.00019468	6.4519e-05	0.078511	0.0062782	0	0.00063339	0
"[7.47 .. 7.51]"	0	0	0	0.0087946	0	0.012489	0	0.064986	0	0.023213	0	0	0	0	0.015414	0	0.0032449	0	0.22992	0	0.16914	0	0.12491	0.001227	0.0061742	0.22971	0.0056893	0.060931	0	0	0	0	0	0.011685	0	0.0080961	0	0.1201	0.014602	0.0031698	0	0	0	0	0	0.14286	0	0	0	0.012668
"[7.51 .. 7.56]"	0.27972	0.039227	0.47197	0.10602	0.32946	0.028755	0.27428	0.46665	0.12178	0.42244	0.099949	0.0053539	0	0.10862	0.0041575	0.28142	0.15968	0	0.36236	0.10717	0.63794	0.30196	0.61561	0.026792	0.13462	0.58558	0.12228	0.37433	0.051437	0.0061098	0.23249	0.15064	0.38992	0.39942	0.18011	0.08125	0.64401	0.59475	0.075249	0.1068	0.12231	0.031036	0.097676	0	0.2449	0.63873	0.16101	0.11375	0.25153	0.08949
"[7.56 .. 7.62]"	0	0	0.024758	0	0	0	0.044793	0.18746	0	0.16221	0	0	0.010488	0	0.12026	0	0.0037254	0.08932	0.50178	0	0.23746	0	0.16263	0.0020634	0	0.41882	0.014987	0.20987	0.0041435	0	0.0046066	0	0	0	0	0	0.012563	0.27378	0	0	0	0	0	0.019409	0.0057056	0.34679	0.014307	0.0012018	0.015295	0
"[7.62 .. 7.64]"	0	0.0055792	0	0.0056187	0	0	0	0.067815	0.004562	0.020976	0	0	0	0.01325	0	0.010194	0	0	0.10842	0.0040537	0.12099	0	0.09351	0	0.011599	0.15693	0	0.07435	0	0.0023698	8.2567e-05	0.015918	0	0	0	0	0	0.11897	0	0	0	0	0.00027642	0	0	0.10384	0.010097	0.0010593	0	0.015991
"[7.64 .. 7.66]"	0	0	0.055435	0	0.00065924	0	0	0.057552	0	0.054801	0	0	0.00095854	0	0	0	0.0004966	0	0.1399	0	0.13499	0	0.11426	0	0	0.14604	0	0.080278	0.0027002	0	0	0	0	0.011465	0.054406	0	0	0.12856	0	0	0	0	0	0	0	0.15631	0	0	0	0
"[7.66 .. 7.72]"	0.83574	0.27185	1.2408	0.60341	0.13942	0.10326	0.74054	0.7264	0.16403	0.76104	0.54663	0.58902	0.26464	0.041027	0.025868	0.12485	0.061072	0.010495	0.5356	0.32437	1.2102	0.19111	1.0377	0.31238	0.37295	0.98077	0.21798	0.51716	0.40326	0.060486	0.11026	0.84548	0.036286	0.12119	0.70379	0.21588	0.16259	1.1643	0.13027	0.029366	0.20042	0.12854	0.036041	0.015956	0.21188	1.0841	0.24944	0.45976	0.2777	0.035977
"[7.72 .. 7.75]"	0.77437	0.51153	0.83335	0.36954	0.51574	0.53061	0.8152	0.90154	0.58807	0.8667	0.45313	0.68219	0.57539	0.51525	0.57381	0.7934	0.4793	0.588	0.97414	0.39028	0.60851	0.4404	0.65377	0.30637	0.61869	1.0242	0.49626	0.62572	0.31973	0.41498	0.57874	0.49737	0.41055	0.67567	0.57025	0.70886	0.5439	0.88042	0.64609	0.37516	0.27896	0.39928	0.46233	0.40045	0.25657	0.87598	0.45627	0.63355	0.15192	0.51344
"[7.75 .. 7.79]"	0.081825	0	0.22225	0	0	0	0.11347	0.26183	0	0.16695	0.0037907	0.0034891	0	0	0.016244	0	0	0	0.36579	0	0.30586	0	0.28925	0	0	0.39527	0	0.14535	0.061507	0	0	0.0098725	0	0	0	0	0	0.29725	0	0	0	0	0	0	0	0.33012	0	0	0	0
"[7.79 .. 7.82]"	0.11438	0	0.12825	0.024468	0	0.0011462	0.11119	0.27131	0	0.20381	0.0033529	0	0.027838	0.0020798	0.058822	0.024506	0.018907	0.075608	0.35826	0.016165	0.28354	0.016404	0.22316	0.024847	0.013702	0.34869	0.017571	0.12974	0.023373	0	0.003824	0.014587	0.024182	0.033908	0.012735	0.018696	0	0.2764	0.018003	0.02047	0	0.026552	0	0.016817	0.017282	0.25381	0.012268	0.059729	0.011177	0.019307
"[7.82 .. 7.88]"	0	0.012419	0	0	0.023525	0	0	0.13132	0	0	0	0	0	0	0	0.005012	0.0022933	0	0.30818	0	0.23792	0.015742	0.15858	0	0	0.41098	0	0.089201	0.0012764	0.0034377	0	0.0053009	0	0	0	0	0	0.19772	0	0	0.00022541	0	0	0.0055312	0	0.21885	0	0	0	0
"[7.88 .. 7.92]"	0	0	0	0.011153	0	0.0086768	0	0.057798	0.0047882	0	0.0055039	0.010137	0	0.0083633	0	0	0	0.012277	0.15088	0	0.099779	0.0092298	0.046327	0	0	0.20014	0.0018955	0.05014	0	0	0	0	0.026534	0.016026	0	0	0.010139	0.14169	0	0.014744	0	0	0.007634	0	0	0.12865	0.0044642	0	0	0.0079134
"[7.92 .. 7.97]"	0	0.0058447	0	0.0056044	0.01977	0	0	0	0.012171	0.006119	0.0010406	0	0.0090017	0.0085395	0.0096255	0.011854	0.0029459	0	0.21297	0.0095905	0.075743	0	0.11393	0	0	0.25894	0	0.052761	0.010805	0	0	0	0	0	0	0	0	0.087102	0.016864	0	0.0080923	0.011262	0.0073498	0.0038666	0	0.16629	0	0.014151	0.0065782	0.0037407
"[7.97 .. 8.01]"	0	0	0	0.0044103	0	0.0037562	0	0.08681	0	0.012791	0	0	0.012545	0	0	0.0047853	0	0.0073253	0.19488	0	0.03435	0.0016494	0.039596	0.0038464	0.0013883	0.24799	0.0081581	0.070852	0	0	0.027841	0.0073906	0	0.011123	0	0	0	0.20365	0.0059779	0	0	0	0	0	0.016403	0.13747	0	0.00062043	0	0
"[8.01 .. 8.05]"	0	0.0098947	0	0.0062656	0	0	0	0.019042	0	0	0.014633	0	0	0	0.0042876	0	0.015508	0	0.16402	0	0.032646	0.01447	0.08377	0	0.015821	0.22832	0.002893	0.0531	0.0051396	0	0	0.0052172	0.0030428	0	0	0.018577	0	0.14124	0	0	0	0	0.0038632	0	0	0.14526	0	0.0031017	0	0.00010336
"[8.05 .. 8.11]"	0	0	0	0.0060186	0	0	0	0.035831	0.032397	0	0	0.015322	0	0.026412	0	0.024568	0	0	0.21498	0.028553	0.096658	0	0.077867	0	0	0.20247	0	0.097348	0	0.012278	0	0	0	0.021996	0	0.016444	0.00012909	0.17897	0.017163	0.011209	0.0017968	0	0	0.0026878	0.004826	0.14488	0.0061777	0.014183	0	0.015339
"[8.11 .. 8.15]"	0	0	0	0	0.021139	0	0	0.025745	0	0	0.0079419	0	0.011684	0	0.0035023	0	0.0018702	0.001651	0.11578	0	0.11282	0.021632	0.04583	0	0	0.18645	0.0087812	0.062667	0.0011389	0	0	0	0.0066094	0	0	0	0	0.13053	0.0033034	0	0.01541	0	0	0.0049234	0	0.087443	0.00046681	0	0.017813	0.0010792
"[8.15 .. 8.18]"	0	0	0	0	0.0035193	0	0	0.083496	0.0041985	0.038054	0	0.024476	0.0054738	0	0.011129	0.028259	0.0044592	0.013971	0.15173	0.032825	0.038514	0.0027102	0.075082	0.012847	0.027509	0.16844	0	0.17915	0	0.021146	0.03801	0	0.011614	0.012748	0	0.0047441	0.025553	0.13633	0	0.018435	0.0021147	0	0.035185	0	0.016502	0.15646	0.011983	0.010372	0	0.011674
"[8.18 .. 8.23]"	0	0.017522	0	0	0	0	0	0.067354	0	0.0035248	0	0	0.0010382	0	0	0	0	0	0.21705	0	0.16931	0	0.057199	0	0	0.20508	0.010207	0.063462	0.011145	0	0.0033571	0.019865	0	0.016598	0	0.0097669	0	0.20106	0	0	0	0.016022	0	0	0	0.14411	0.00045431	0.032231	0.003328	0.004594
"[8.23 .. 8.26]"	0	0	0	0	0	0.0055166	0	0.045482	0	0.0084029	0.024235	0.014621	0	0	0	0	0.0034924	0.0024381	0.059976	0.000587	0	0.012563	0.03076	0.005217	0	0.083089	0	0.039003	0	0	0	0.0010806	0	0	0	0.0064621	0	0.034459	0.014056	0.002461	0.0094113	0	0	0	0	0.075991	0	0	0	0
"[8.26 .. 8.31]"	0	0.0054457	0	0.0031339	0	0	0	0.010501	0.020179	0.055898	0	0.0060945	0.010728	0.0080812	0	0.00044352	0	0	0.14702	0.0064146	0	0	0.11037	0	0	0.15633	0.013979	0.041659	0.0070145	0.019233	0.0023875	0	0.020848	0.0065957	0	0	0	0.15582	0	0	0.0034935	0	0.011259	0	0	0.13635	0	0.024114	0	0
"[8.31 .. 8.33]"	0	0	0	0.034572	0.0022714	0.036019	0	0	0	0.01224	0.011638	0	0	0	0	0	0.00063815	0.0045938	0.082696	0	0	0	0.022191	0	0	0.043751	0	0.025148	0	0	0	0	0	0	0	0.0073408	0.0082366	0.027937	0.0016855	0	0	0.018707	0	0.0076722	0.0075825	0.039985	0.0022289	0	0	0.020559
"[8.33 .. 8.35]"	0	0.0013752	0	0	0.0014788	0.050338	0	0.032475	0.0063853	0	0.017046	0.012592	0	0.021855	0.008388	0.035348	0.010382	0.0071658	0.081793	0.019389	0	0.010135	0.032949	0.011505	0.021286	0.046005	0.039242	0.028726	0.0059688	0.022715	0.016096	0.005228	0.010988	0.015084	0	0.010077	0.0093934	0.028585	0.021762	0.016361	0.039824	0	0.040495	0	0.0016076	0.077034	0.029303	0.019082	0.018519	0.0050485
"[8.35 .. 8.39]"	0	0	0	0	0	0	0	0.022047	0	0.054731	0	0	0.0025958	0	0	0	0	0	0.06313	0.0044768	0	0	0	0	0	0	0	0.065591	0	0	0	0.02887	0.011789	0.0061988	0	0	0	0.056648	0	0	0	0	0	0.0072348	0	0.095858	0	0	0	0
"[8.39 .. 8.40]"	0	0.0037628	0	0.018724	0	0.0015104	0	0	0.0099457	0.011448	1.9974e-05	0.0061431	0.00091235	0.0047582	0.0058372	0.003306	0	0.0072857	0.0057699	0.0013824	0	0	0.00031384	0.0054673	0	0	0	0.0087216	0.0028626	0	0.0031029	0	0	0	0	0	0.0077947	0.012249	0.0042472	0.0057239	0	0	0	0	0.007312	0.014768	0.011522	0	0.0086673	0.0052265
"[8.50 .. 8.53]"	0	0	0.046829	0	0	0.0030373	0.021199	0.12703	0.0026992	0	0	0	0	0	0	0	0.017595	0.0045168	0.13522	0	0.12717	0	0.14322	0.00030502	0.028697	0.26362	0.0099143	0	0.0029687	0.0033026	0	0	0	0	0.0094202	0	0	0.14296	0	0.020614	0.0022349	0	0.0079862	0	0.00050723	0.0069647	0	0.0016687	0	0
"[8.53 .. 8.56]"	0	0.027502	0.018003	0.028511	0	0.0021347	0.086339	0.11874	0.0033427	0.0014237	0.040135	0.017609	0.011942	0.010457	0.021739	0.037857	0	0.004482	0.1868	0.0078282	0.15375	0.010505	0.17302	0.013189	0	0.20266	0.0026848	0	0.0051244	0.0053129	0.026678	0.0026039	0.0086779	0.02019	0	0.015184	0.0042513	0.11212	0.0096956	0	0.0013516	0.0059196	0	0.0071591	0.018921	0.0012367	0.022033	0.0097399	0.013791	0.010086
"[8.56 .. 8.59]"	0	0	0.072929	0	0	0	0	0.07561	0	0	0	0	0	0	0	0.0033829	0	0	0.11208	0	0.15272	0	0.085809	0.0031344	0	0.26218	0	0	0	0.0029485	0	0	0.0071725	0	0	0	0.014189	0.11309	0	0.0032496	0	0	0	0	0	0.012178	0	0	0	0.00028132
"[8.59 .. 8.64]"	0	0.0029046	0.020984	0.00078748	0.010495	0	0	0.098589	0.0092036	0	0	0.0046281	0	0.0040496	0	0	0.018181	0.0034774	0.19606	0	0.18596	0.042604	0.12507	0	0	0.26973	0.0086534	0	0	0	0.018389	0.026308	0	0	0	0	0	0.10688	0	0	0.0091746	0.0073923	0	0	0.016763	0.026066	0	0	0.0092576	0
"[8.64 .. 8.69]"	0	0	0.072478	0	0.0078673	0.0093519	0	0.14002	0.0061986	0	0.010278	0	0.021668	0.0038643	0.0015497	0	0	0	0.18361	0.023282	0.071076	0	0.12239	0.0046996	0	0.29411	0	0.023687	0.0023595	0.011067	0.0036527	0	0.0014921	0	0.0063215	0	0	0.13149	0	0.0062914	0	0	0.014028	0	0	0.065671	0.0011193	0.0085268	0.010841	0
"[8.69 .. 8.75]"	0	0.00014772	0.09013	0	0	0	0	0.16588	0.0082307	0	0.0091287	0.0039527	0	0.0050954	0	0	0.0064599	0.019515	0.1748	0	0.072676	0	0.076033	0	0.032386	0.29474	0.0056126	0	0.0039094	0	0.022584	0	0	0.0067526	0	0	0	0.14369	0	0.00017503	0.0045814	0	0	0.0016106	0.011262	0.021676	0	0	0	0.01217
"[8.75 .. 8.80]"	0	0	0	0.011581	0.00041303	0.014691	0	0.14324	0	0	0	0	0.0081135	0	0.0097257	0.019655	0.0014999	0	0.15902	0	0.073394	0.021891	0.11999	0	0	0.24968	0	0	0.0042209	0.0090113	0.0010893	0.0016679	0.0010343	0	0.0041902	0.0019269	0.024165	0.15856	0.013881	0.0069008	0.0058388	0.0044503	0.0092021	0.0086662	0	0.035054	0.00067939	0.01308	0	0.0020904
"[8.80 .. 8.86]"	0	0.0070878	0.055903	0	0.00080303	0	0	0.049774	0.012394	0	0	0.0017924	0.0216	0.0011084	0	0	0	0	0.19062	0.0021725	0.054235	0	0.16675	0.0027048	0.0054175	0.30514	0	0	0	0	0	0	0	0.018524	0	0	0.022372	0.2445	0.0020313	0.0078465	0	0.017701	0	0	0.010961	0.0066387	0.018841	0.0029389	0.0016649	0
"[8.86 .. 8.88]"	0	0	0	0	0	0	0	0.086335	0	0	0	0.013667	0	0	0.0088279	0	0.0072989	0	0.12127	0	0.048768	0.01506	0.074409	0.003677	0	0.1032	0.0033676	0.016806	0	0.021577	0.016078	0	0.022412	0.012146	0.0034614	0.010608	0	0.071172	0	0	0	0	0	0.010907	0.0098259	0.015348	0	0	0	0
"[8.88 .. 8.94]"	0	0.01196	0	0	0.0056178	0	0	0.18145	0.026266	0	0.01172	0	0.022456	0	0.00053683	0	0	0.004159	0.19534	0.0031884	0.046626	0	0.13233	0	0.01699	0.29213	0	0	0.022891	0	0	0.0043622	0	0	0.0005586	0.017767	0.0091038	0.059474	0.0032393	0.00017676	0.017222	0	0.010071	0	0	0.074569	0.0074294	0.00081684	0.02168	0
"[8.94 .. 8.98]"	0	0	0.048211	0.0082961	0	0.015526	0	0.072803	0	0	0	0.0062677	0	0.01036	0	0.0038957	0.0045649	0	0.11788	0.023903	0.053526	0	0.12112	0	0	0.20669	0	0	0	0.025304	0.0091276	0	0.0046783	0.0086655	0	0	0.022713	0.10621	0	0.0027238	0.0062139	0.0074751	0.0053747	0.0037776	0	0.0065054	0	0.011413	0	0
"[8.98 .. 9.00]"	0	0.015652	0.011363	0	0	0	0	0.01701	0.0033243	0	0.0022838	0	0	0.0093456	0	0	0.0034155	0.0062524	0.073431	0	0.040435	0.010147	0.029317	0.010716	0.022445	0.12366	0	0.0076434	0.0030245	0.0027685	0	0.011314	0	0	0.0083985	0.0036969	0.068187	0.094974	0.0043611	0	0	0	0.012229	0.0022525	0	0.010427	0	0	0	0.0066528
"[9.00 .. 9.04]"	0	0.0020025	0.087117	0.010599	0.014237	0	0	0.07099	0	0	0	0	0.021106	0	0	0.019373	0.0064278	0	0.14275	0	0.049092	0	0.13279	0.00030781	0	0.15548	0.0018605	0	0	0	0.0050955	0	0.010162	0	0.01175	0	0	0.093606	0	0.0028423	0.0087343	0	0	0	0.00114	0.045678	0	0.015507	0.0014228	0.0043509
"[9.04 .. 9.08]"	0	0	0	0.0072597	0.0016131	0.0034157	0	0.070622	0	0	0.005773	0.019423	0	0	0.0050147	0	0	0	0.13174	0.031164	0.053833	0.020736	0.044504	0	0.0044143	0.12348	0.013424	0.020698	0	0.0054357	0	0	0	0.021755	0	0.010427	0.012139	0.10227	0.013343	0.00146	0.0072218	0	0.0089392	0	0.0048308	0.059985	0.023114	0	0	0
"[9.08 .. 9.13]"	0	0	0.018294	0	0.012063	0.013532	0	0.1487	0	0	0.0022738	0	0.00063164	0.025168	0	0.00851	0.011829	0	0.22566	0	0.0035521	0	0.13889	0.0015716	0	0.25754	0	0	0	0.012611	0.0027554	0	0.0049002	0	0.0052836	0	0	0.22649	0	0	0	0.00026863	0.01019	0	0.00042745	0.067513	0	0.010626	0.00066893	0
"[9.13 .. 9.17]"	0	0	0.0027056	0.027164	0	0	0	0.064684	0.023621	0	0	0	0	0	0	0.007118	0	0.016379	0.11798	0.0068577	0	0	0.067373	0	0.0046785	0.13613	0	0.0098684	0.0049732	0	0	0.0071932	0.0035793	0.021264	0.0077123	0	0	0.099691	0	0	0.00017308	0.0071212	0	0.0028102	0	0.036319	0.0036331	0	0.025534	0
"[9.17 .. 9.20]"	0	0.0067354	0.019107	0	0.019229	0.018525	0	0.040391	0	0	0.0089147	0.017925	0.028234	0.0076068	0	0.012469	0.0050902	0.0041181	0.02928	0.014195	0.013445	0.013418	0.076596	0	0.003529	0.17088	0	0	0	0.0052327	0.006204	0	0	0	0.0021338	0.016267	0.0054947	0.09006	0.013374	0	0	0.0093963	0.012479	5.9955e-05	0.0081644	0	0.0065758	0	0	0.004683
"[9.20 .. 9.23]"	0	0.001994	0.027425	0	0	0	0	0.048439	0	0	0	0	0	0	0.00079073	0	0	0	0.11747	0	0	0	0.076061	0.015399	0	0.17425	0.028932	0	0.0041167	0.011797	0	0.019919	0.015314	0.046049	0.012685	0.00023963	0.022987	0.068124	0	0.0070892	0.004336	0	0.0019969	0	0	0.0212	0	0	0	0
"[9.23 .. 9.26]"	0	0	0	0.010183	0	0	0	0.050839	0	0	0.0046235	0	0.0035212	0.013127	0	0.0068579	0.0073138	0.0024076	0.06444	0	0	0.012936	0.030967	0.018783	0.0096191	0.15676	0	0	0.0030803	0	0.0068069	0	0.0025391	0	0	0	0	0.05054	0	0	0.0065171	0	0	0.0073222	0.00039283	0.022292	0.0010509	0.024143	0	0
"[9.26 .. 9.31]"	0	0.019038	0	0.0028282	0	0.0059818	0.0041857	0.11429	0.0030554	0	0	0	0	0.0030015	0	0.0053656	0	0.0050705	0.08623	0	0.024966	0	0.078929	0	0.0078149	0.26932	0.0021978	0.00075646	0	0.0020019	0	0.0017861	0	0.021046	0.0057778	0.0074669	0.024862	0.11435	0.010295	0.012425	0	0.0084655	0.024591	0	0.007067	0.14989	0.014244	0	0	0.010418
"[9.31 .. 9.34]"	0	0	0.011376	0	0.0076614	0	0	0.043633	0.0020844	0	0.033105	0.0051437	0.011764	0	0.014879	0	0.0036041	0	0.091278	0.030122	0	0	0.056411	0.0050516	0	0.20689	0	0	0	0.0042363	0	0	0.0015774	0	0.00045426	0.0069001	0.02526	0.067665	0.018099	0	0	0	0.010744	0	0	0	0	0	0.023224	0
"[9.34 .. 9.36]"	0	0	0	0	0.010983	0.021261	0	0.055778	0.0045698	0	0	0	0	0	0	0.012698	0	0.0076985	0.055696	0	0	0.013358	0.021088	0	0	0.11469	0.027856	0	0	0.0026104	0.019006	0.013901	0	0	0	0.019272	0	0.074038	0	0.023285	0.013677	0	0	0	0.0038376	0	0	0.0051398	0	0
"[9.36 .. 9.39]"	0	0.00035057	0	0	0.0015601	0	0	0.072985	0	0	0.0029419	0.030072	0	0.017766	0	0	0	0.00017254	0.071772	0.013341	0.0076337	0	0.069363	0	0	0.14863	0	0	0.0034826	0.0067077	0.0022627	0	0	0.028252	0	0	0	0.080465	0.025554	0	0	0	0	0.0066009	0	0	0.018933	0.0035118	0	0
"[9.39 .. 9.45]"	0	0	0	0	0	0.0018479	0.010569	0.082929	0.00052092	0	0	0	0.0011778	0.018301	0	0	0	0	0.15922	0.0056617	0	0.0073206	0.087624	0	0.028427	0.23066	0.0032234	0.041803	0	0.0040031	0	0.011469	0.0018086	0.014723	0.012748	0	0.010538	0.14498	0	0	0.013193	0.003899	0	0	0	0.0020358	0	0	0.026263	0.0010796
"[9.45 .. 9.50]"	0	0.0075486	0	0.00664	0	0.011322	0	0.10222	0	0	0.042744	0.013779	0	0	0	0.023162	0.00017517	0	0.15903	0	0	0	0.12917	0	0.0058223	0.22302	0	0	0	0.0013482	0	0	0	0	0	0.003379	0.011832	0.14045	3.1717e-05	0	0	0	0.023303	0	0.0073713	0.074324	0	0.011011	0	0.02283
